PR_0
RBT,( 1.977,  0.836,  0.006 ), (-0.007, -0.001,  0.000,  1.000 )
-1.1822941303253174, -2.1382687091827393, 0.0
-1.107718586921692, -2.2469897270202637, 0.0
-1.0692057609558105, -2.279780626296997, 0.0
-0.980975866317749, -2.349118947982788, 0.0
-0.649027407169342, -2.5786921977996826, 0.0
-0.5211126804351807, -2.5589563846588135, 0.0
-0.47252166271209717, -2.5430285930633545, 0.0
-0.2419913113117218, -2.465712308883667, 0.0
0.8400018811225891, -2.0460309982299805, 0.0
0.9728663563728333, -1.9904227256774902, 0.0
2.61034893989563, -1.2641104459762573, 0.0
2.7911384105682373, -1.1754016876220703, 0.0
3.8169422149658203, 0.25314727425575256, 0.0
3.833712339401245, 0.35975348949432373, 0.0
3.752021551132202, 0.7298594117164612, 0.0
3.6606976985931396, 0.8753213882446289, 0.0
2.689885377883911, 1.5901191234588623, 0.0
2.61607027053833, 1.6372101306915283, 0.0
-0.7279930114746094, 2.9135663509368896, 0.0
-0.9310250878334045, 2.9167075157165527, 0.0
-1.0440478324890137, 2.858743190765381, 0.0
-1.6711386442184448, 2.5098209381103516, 0.0
-1.9749122858047485, 2.3372504711151123, 0.0
-2.13201642036438, 1.9149895906448364, 0.0
-2.3280487060546875, 0.5509932041168213, 0.0
PR_1
RBT,( 1.680,  0.757,  0.116 ), ( 0.333, -0.660,  0.000,  0.673 )
0.28013256192207336, -0.7838659882545471, 0.0
0.408634752035141, -1.0070784091949463, 0.0
0.46005168557167053, -0.9735918641090393, 0.0
0.4798658490180969, -0.9238283038139343, 0.0
0.5023847222328186, -0.7801973223686218, 0.0
0.4748786687850952, -0.7232692837715149, 0.0
0.15890567004680634, -0.07809992879629135, 0.0
-0.24326707422733307, 0.6754623055458069, 0.0
-0.3574429750442505, 0.8719517588615417, 0.0
-0.43716466426849365, 0.9012479782104492, 0.0
-0.4987203776836395, 0.9225097894668579, 0.0
-0.5580546259880066, 0.9067428708076477, 0.0
-0.5800808072090149, 0.8218830823898315, 0.0
PR_2
RBT,( 2.591,  2.635,  0.084 ), ( 0.333, -0.659,  0.000,  0.674 )
-0.3033771812915802, 0.35903698205947876, 0.0
-0.1684521734714508, 0.0807703286409378, 0.0
0.16612282395362854, -0.5827223658561707, 0.0
0.24865977466106415, -0.7423744797706604, 0.0
0.3494345545768738, -0.8129350543022156, 0.0
0.40341442823410034, -0.7851629853248596, 0.0
0.47372591495513916, -0.7160158157348633, 0.0
-0.16234369575977325, 0.5182660818099976, 0.0
-0.270635724067688, 0.7134859561920166, 0.0
-0.3821296691894531, 0.7722617387771606, 0.0
-0.4020346403121948, 0.7106034159660339, 0.0
PR_3
RBT,( 1.651,  1.049,  0.182 ), ( 0.002,  0.002,  0.000,  1.000 )
-0.18198812007904053, 0.32045021653175354, 0.0
-0.10428188741207123, -0.04046538844704628, 0.0
0.15783502161502838, -0.3812941908836365, 0.0
0.23608814179897308, -0.4807891845703125, 0.0
0.29192885756492615, -0.49851804971694946, 0.0
0.07552758604288101, -0.05671195685863495, 0.0
-0.002129714470356703, 0.09944678097963333, 0.0
-0.10410644114017487, 0.3037426769733429, 0.0
-0.18281079828739166, 0.4441393315792084, 0.0
PR_4
RBT,( 2.836,  0.275,  0.118 ), (-0.648, -0.325,  0.000,  0.689 )
-0.5598270893096924, -0.27536994218826294, 0.0
-0.5108901858329773, -0.33543792366981506, 0.0
0.05762835592031479, -0.07049581408500671, 0.0
0.1791769564151764, -0.011461122892796993, 0.0
0.3943045139312744, 0.11329773813486099, 0.0
0.46515578031539917, 0.15522778034210205, 0.0
0.5777876377105713, 0.23017998039722443, 0.0
0.6083365678787231, 0.27286916971206665, 0.0
0.6165069341659546, 0.3451559841632843, 0.0
0.5281860828399658, 0.32210689783096313, 0.0
0.4007238745689392, 0.27798858284950256, 0.0
0.05130257457494736, 0.12277839332818985, 0.0
-0.1248575747013092, 0.035939544439315796, 0.0
-0.42662855982780457, -0.11339633911848068, 0.0
-0.48333585262298584, -0.14411723613739014, 0.0
-0.5271600484848022, -0.17899414896965027, 0.0
-0.5737010836601257, -0.2249080091714859, 0.0
PR_5
RBT,( 0.733, -0.880,  0.035 ), (-0.059,  0.079,  0.000,  0.995 )
-0.01782689243555069, -0.08387700468301773, 0.0
0.0021325068082660437, -0.13326799869537354, 0.0
0.06150834634900093, -0.11256342381238937, 0.0
0.07725943624973297, -0.03192930296063423, 0.0
0.01779969222843647, 0.05329824239015579, 0.0
-0.08001771569252014, 0.16931669414043427, 0.0
PR_6
RBT,( 2.166,  3.450,  0.368 ), ( 0.631,  0.240,  0.000,  0.738 )
-0.12091459333896637, -0.17150036990642548, 0.0
-0.06645289808511734, -0.1746102273464203, 0.0
0.18702803552150726, -0.07478643953800201, 0.0
0.1286843717098236, 0.15330472588539124, 0.0
0.08021876960992813, 0.187335804104805, 0.0
-0.07839339971542358, 0.14654365181922913, 0.0
-0.1547205150127411, 0.007932751439511776, 0.0
-0.18193639814853668, -0.045600518584251404, 0.0
PR_7
RBT,( 3.204,  3.025, -0.027 ), (-0.011,  0.013,  0.000,  1.000 )
-0.5147497653961182, 0.4303242862224579, 0.0
-0.3475845456123352, 0.053142983466386795, 0.0
-0.03063391149044037, -0.6286929845809937, 0.0
0.06323987245559692, -0.7590200304985046, 0.0
0.14736942946910858, -0.7326268553733826, 0.0
0.19862671196460724, -0.7060777544975281, 0.0
0.6659032106399536, -0.2542145550251007, 0.0
0.6764088869094849, -0.19133105874061584, 0.0
0.7024161219596863, -0.03072809800505638, 0.0
0.726241409778595, 0.45926380157470703, 0.0
0.5747092962265015, 0.5272157788276672, 0.0
0.42002949118614197, 0.5924614071846008, 0.0
-0.45771974325180054, 0.6785516142845154, 0.0
-0.5954165458679199, 0.6683464050292969, 0.0
PR_8
RBT,( 1.318,  0.717, -0.022 ), (-0.002,  0.000,  0.000,  1.000 )
-0.5183145999908447, 0.02213693968951702, 0.0
-0.39012041687965393, -0.17825762927532196, 0.0
-0.1582363247871399, -0.30373629927635193, 0.0
0.1253332793712616, -0.36045023798942566, 0.0
0.39073067903518677, -0.26168107986450195, 0.0
0.4542866349220276, -0.14844867587089539, 0.0
0.41823139786720276, -0.03621349111199379, 0.0
0.2772113084793091, 0.2399107664823532, 0.0
0.12811312079429626, 0.3513530492782593, 0.0
0.05189497768878937, 0.3471352159976959, 0.0
0.03405017405748367, 0.3407054841518402, 0.0
-0.42597946524620056, 0.17495034635066986, 0.0
-0.5294557809829712, 0.08155862987041473, 0.0
PR_9
RBT,(-0.585,  2.115,  0.001 ), ( 0.003, -0.012,  0.000,  1.000 )
-0.20545995235443115, -0.20351183414459229, 0.0
-0.1417429894208908, -0.26008060574531555, 0.0
-0.03658459708094597, -0.22524428367614746, 0.0
0.3150695860385895, -0.07332504540681839, 0.0
0.34014660120010376, 0.08637992292642593, 0.0
0.31621286273002625, 0.1698673814535141, 0.0
-0.08353988826274872, 0.2150309532880783, 0.0
-0.2674808204174042, 0.10440514981746674, 0.0
-0.41375482082366943, 0.01039471197873354, 0.0
PR_10
RBT,( 4.443,  1.939, -0.029 ), (-0.003,  0.009,  0.000,  1.000 )
0.021812649443745613, -0.11046146601438522, 0.0
0.08391973376274109, -0.10553605854511261, 0.0
0.1066645011305809, 0.03208823502063751, 0.0
0.06815329194068909, 0.07220175862312317, 0.0
-0.11977292597293854, 0.08020208775997162, 0.0
-0.14768606424331665, -0.016003696247935295, 0.0
PR_11
RBT,( 1.862,  1.049,  0.002 ), (-0.046,  0.082,  0.000,  0.996 )
-0.40751025080680847, 0.639594554901123, 0.0
-0.38575294613838196, 0.5836648344993591, 0.0
0.22707846760749817, -0.6530960202217102, 0.0
0.4252830743789673, -1.0203686952590942, 0.0
0.38742247223854065, -0.6990888118743896, 0.0
0.2707696557044983, -0.23586711287498474, 0.0
0.21025201678276062, -0.07754642516374588, 0.0
0.1318255066871643, 0.1035512313246727, 0.0
-0.34944388270378113, 0.8229034543037415, 0.0
-0.39203307032585144, 0.8621563911437988, 0.0
-0.45052650570869446, 0.7584306001663208, 0.0
PR_12
RBT,( 1.723,  0.911,  0.138 ), ( 0.300, -0.604,  0.000,  0.738 )
-0.11942088603973389, -9.521463070996106E-4, 0.0
0.1023065373301506, -0.35681506991386414, 0.0
0.16916829347610474, -0.3620363771915436, 0.0
0.18847574293613434, -0.309675931930542, 0.0
0.08053994178771973, 0.02919294498860836, 0.0
0.03971533849835396, 0.07228262722492218, 0.0
-0.15618178248405457, 0.21609853208065033, 0.0
PR_13
RBT,( 3.438,  1.599, -0.036 ), (-0.004,  0.008,  0.000,  1.000 )
-0.2500374913215637, -0.17123252153396606, 0.0
0.03090931661427021, -0.2685234248638153, 0.0
0.07244133204221725, -0.22783266007900238, 0.0
0.1612648069858551, -0.11725252866744995, 0.0
0.19529178738594055, -0.06030202656984329, 0.0
0.23793242871761322, 0.020114270970225334, 0.0
0.18571186065673828, 0.17308181524276733, 0.0
0.13351675868034363, 0.20467358827590942, 0.0
-0.04595555365085602, 0.228621244430542, 0.0
-0.1530499905347824, 0.2073799967765808, 0.0
-0.2694341242313385, -0.11058009415864944, 0.0
PR_14
RBT,(-0.596,  2.691,  0.053 ), (-0.012, -0.017,  0.000,  1.000 )
-0.17352049052715302, -0.07282544672489166, 0.0
0.07061079144477844, -0.12791578471660614, 0.0
0.1691415011882782, -0.05167756974697113, 0.0
0.11578347533941269, 0.10019344091415405, 0.0
0.061270009726285934, 0.14147835969924927, 0.0
-2.999664138769731E-5, 0.12032371014356613, 0.0
-0.1535544991493225, 0.044671427458524704, 0.0
-0.19625979661941528, 0.018196552991867065, 0.0
PR_15
RBT,( 1.621,  0.888,  0.114 ), ( 0.313, -0.623,  0.000,  0.717 )
-0.23942360281944275, 0.24620787799358368, 0.0
-0.08175143599510193, -0.11211352050304413, 0.0
0.11529353260993958, -0.5038091540336609, 0.0
0.14231401681900024, -0.5527584552764893, 0.0
0.23670290410518646, -0.5242258310317993, 0.0
0.30603665113449097, -0.4813965857028961, 0.0
0.29701918363571167, -0.4246215224266052, 0.0
0.2430824488401413, -0.27087780833244324, 0.0
-0.03652815893292427, 0.2786463797092438, 0.0
-0.0985126942396164, 0.3967846930027008, 0.0
-0.1607292741537094, 0.497885137796402, 0.0
-0.21915291249752045, 0.5181103348731995, 0.0
-0.304485559463501, 0.5041528940200806, 0.0
-0.31807535886764526, 0.4494130313396454, 0.0
PR_16
RBT,( 4.252,  3.544, -0.036 ), (-0.005, -0.005,  0.000,  1.000 )
-0.32095521688461304, -0.11701247096061707, 0.0
0.07836256921291351, -0.38992172479629517, 0.0
0.14418485760688782, -0.43386268615722656, 0.0
0.3298972249031067, -0.5160924792289734, 0.0
0.6267037987709045, -0.4627560079097748, 0.0
0.642299473285675, -0.3738303482532501, 0.0
0.5996764302253723, -0.27280351519584656, 0.0
0.5010594129562378, -0.15264718234539032, 0.0
0.4410253167152405, -0.0800233781337738, 0.0
-0.0915670320391655, 0.48773321509361267, 0.0
-0.19640477001667023, 0.5327873826026917, 0.0
-0.601341962814331, 0.5318935513496399, 0.0
-0.6173922419548035, 0.3177887201309204, 0.0
PR_17
RBT,( 4.743,  0.759,  0.205 ), (-0.060,  0.085,  0.000,  0.995 )
-0.027253493666648865, -0.186850905418396, 0.0
0.02188345417380333, -0.1707330346107483, 0.0
0.16981500387191772, -0.1160646453499794, 0.0
0.10834622383117676, 0.025607848539948463, 0.0
0.0663127526640892, 0.10561429709196091, 0.0
0.006112747360020876, 0.14590148627758026, 0.0
-0.13620226085186005, 0.11430051922798157, 0.0
-0.1895873248577118, 0.09340789169073105, 0.0
-0.21211831271648407, 0.03523476794362068, 0.0
PR_18
RBT,( 4.906,  2.681, -0.021 ), (-0.003, -0.010,  0.000,  1.000 )
-0.23263078927993774, -0.010351825505495071, 0.0
-0.13176043331623077, -0.19064807891845703, 0.0
-0.00136828632093966, -0.3469541072845459, 0.0
0.3229462504386902, -0.3570849299430847, 0.0
0.3922182619571686, -0.24747568368911743, 0.0
0.17647039890289307, 0.22406569123268127, 0.0
0.08302250504493713, 0.3088342249393463, 0.0
-0.017235731706023216, 0.38517382740974426, 0.0
-0.13183380663394928, 0.4335891008377075, 0.0
-0.25579139590263367, 0.22160880267620087, 0.0
-0.30052536725997925, 0.11175133287906647, 0.0
PR_19
RBT,( 1.844,  4.093,  0.332 ), ( 0.597, -0.329,  0.000,  0.732 )
0.05135531350970268, -0.004758016671985388, 0.0
0.08301138877868652, 0.042165569961071014, 0.0
-0.05260276049375534, -0.021235834807157516, 0.0
-0.07770463824272156, -0.06997894495725632, 0.0
PR_20
RBT,( 3.649,  0.904, -0.023 ), (-0.007, -0.001,  0.000,  1.000 )
-0.122115857899189, -0.18313387036323547, 0.0
0.040855299681425095, -0.10085412859916687, 0.0
0.09694336354732513, -0.06839967519044876, 0.0
0.1574566811323166, 3.9168118382804096E-4, 0.0
0.12392648309469223, 0.04846680909395218, 0.0
0.03789769485592842, 0.12814079225063324, 0.0
-0.09685535728931427, 0.2018822282552719, 0.0
-0.18222609162330627, -0.17216306924819946, 0.0
PR_21
RBT,( 0.142,  0.693,  0.013 ), (-0.001,  0.060,  0.000,  0.998 )
-0.05711778625845909, -0.028247205540537834, 0.0
-0.012611928395926952, -0.07890231907367706, 0.0
0.04710668697953224, -0.0639500543475151, 0.0
0.0311561468988657, 0.07502647489309311, 0.0
-0.05804142728447914, 0.03900457173585892, 0.0
PR_22
RBT,(-0.358,  2.447,  0.006 ), (-0.041, -0.011,  0.000,  0.999 )
-0.1363988220691681, -0.033284589648246765, 0.0
-0.010807910934090614, -0.05950875207781792, 0.0
0.08426204323768616, -0.05943296477198601, 0.0
0.14121371507644653, -0.01043612603098154, 0.0
0.03242143243551254, 0.04375632479786873, 0.0
-0.15726584196090698, 0.020226072520017624, 0.0
PR_23
RBT,( 1.285,  3.696,  0.304 ), ( 0.325, -0.594,  0.000,  0.736 )
2.8414445114322007E-4, -0.08069010823965073, 0.0
0.06768301874399185, -0.07312879711389542, 0.0
0.0610848143696785, 0.01795063354074955, 0.0
0.025181028991937637, 0.054221536964178085, 0.0
-0.03766678273677826, 0.07487208396196365, 0.0
-0.06593231111764908, 0.002503174589946866, 0.0
PR_24
RBT,( 2.591, -0.889,  0.064 ), ( 0.000,  0.001,  0.000,  1.000 )
-0.28025996685028076, -0.0216338150203228, 0.0
-0.16360637545585632, -0.14254581928253174, 0.0
-0.10020168870687485, -0.1432209610939026, 0.0
0.1790364533662796, -0.08224394917488098, 0.0
0.36864373087882996, 0.034622956067323685, 0.0
0.16094334423542023, 0.1391386091709137, 0.0
-0.16303522884845734, 0.07814335823059082, 0.0
-0.3218674063682556, 0.0356239378452301, 0.0
PR_25
RBT,( 1.313,  3.672,  0.108 ), ( 0.283, -0.508,  0.000,  0.813 )
-0.006902496330440044, -0.07392510026693344, 0.0
0.06216903030872345, -0.022558365017175674, 0.0
0.004682783968746662, 0.1419658660888672, 0.0
-0.07271572202444077, 0.09288867563009262, 0.0
-0.09503667801618576, 0.037769854068756104, 0.0
PR_26
RBT,( 3.456,  4.402,  0.510 ), ( 0.605, -0.342,  0.000,  0.719 )
-0.01253821887075901, -0.10601479560136795, 0.0
0.021174950525164604, -0.05421633645892143, 0.0
0.07525277137756348, 0.0927344337105751, 0.0
0.030190397053956985, 0.1246122196316719, 0.0
-0.07544110715389252, -0.05103524401783943, 0.0
-0.09202048927545547, -0.10685877501964569, 0.0
PR_27
RBT,( 3.037,  3.804, -0.040 ), (-0.006,  0.003,  0.000,  1.000 )
-0.011704136617481709, -0.1537010371685028, 0.0
0.13298217952251434, -0.19656281173229218, 0.0
0.13112689554691315, -0.11038420349359512, 0.0
0.12045798450708389, 0.08334051072597504, 0.0
0.07350324839353561, 0.1511615365743637, 0.0
0.006619780790060759, 0.18410953879356384, 0.0
-0.15221647918224335, 0.1489768922328949, 0.0
-0.1714979112148285, 0.06913597881793976, 0.0
-0.18529978394508362, 0.0025400177109986544, 0.0
PR_28
RBT,( 1.896,  4.102,  0.584 ), ( 0.660, -0.135,  0.000,  0.739 )
0.0032128116581588984, -0.15879309177398682, 0.0
0.031071800738573074, -0.09964792430400848, 0.0
0.06331510096788406, 0.15564216673374176, 0.0
0.05655064806342125, 0.22420591115951538, 0.0
0.02559145912528038, 0.18317905068397522, 0.0
-0.09473071992397308, -0.13339094817638397, 0.0
PR_29
RBT,( 1.522,  0.849,  0.028 ), ( 0.053, -0.035,  0.000,  0.998 )
-0.15479648113250732, -0.06337633728981018, 0.0
-0.0468142144382, -0.15809276700019836, 0.0
0.14405424892902374, -0.12111464142799377, 0.0
0.05016922578215599, 0.14262039959430695, 0.0
-0.00655496446415782, 0.20180660486221313, 0.0
-0.13578097522258759, 0.1399555206298828, 0.0
-0.21090111136436462, 0.018017349764704704, 0.0
PR_30
RBT,( 3.517,  4.363,  0.303 ), ( 0.670, -0.171,  0.000,  0.723 )
-0.03243747353553772, -0.16895686089992523, 0.0
0.02972596324980259, -0.12479152530431747, 0.0
0.055513691157102585, -0.0037127358373254538, 0.0
0.10654614120721817, 0.27101022005081177, 0.0
0.049579352140426636, 0.2213381677865982, 0.0
-0.10536246001720428, -0.1506194770336151, 0.0
PR_31
RBT,( 1.286,  3.335,  0.036 ), ( 0.136, -0.296,  0.000,  0.945 )
-0.05239249765872955, -0.02681240253150463, 0.0
0.020585112273693085, -0.08606601506471634, 0.0
0.05446213111281395, -0.03882383927702904, 0.0
0.06234066188335419, 0.018193021416664124, 0.0
0.03610750660300255, 0.07932421565055847, 0.0
-0.09369311481714249, 0.009794274345040321, 0.0
PR_32
RBT,( 3.235,  0.907, -0.022 ), (-0.000,  0.002,  0.000,  1.000 )
-0.18618012964725494, -0.056097231805324554, 0.0
-0.04963613301515579, -0.18936258554458618, 0.0
0.1362554430961609, -0.1144128069281578, 0.0
0.3138303756713867, 0.05939791724085808, 0.0
0.21036337316036224, 0.10266397893428802, 0.0
-0.005299665499478579, 0.14436660706996918, 0.0
-0.2227834314107895, 0.1487644463777542, 0.0
PR_33
RBT,( 2.176,  0.922, -0.021 ), (-0.005, -0.000,  0.000,  1.000 )
-0.0480424165725708, -0.0725923478603363, 0.0
-0.03084210865199566, -0.13195186853408813, 0.0
0.08743440359830856, -0.031842008233070374, 0.0
0.07835575193166733, 0.020895686000585556, 0.0
0.05440611392259598, 0.13000723719596863, 0.0
-0.06590181589126587, 0.04990733787417412, 0.0
PR_34
RBT,( 1.681,  0.981,  0.187 ), ( 0.247, -0.516,  0.000,  0.820 )
-0.1206607073545456, 0.2206195741891861, 0.0
0.023700088262557983, -0.1788911372423172, 0.0
0.1417149007320404, -0.30487915873527527, 0.0
0.10943952202796936, -0.18211518228054047, 0.0
-0.009267465211451054, 0.0710933580994606, 0.0
-0.13253486156463623, 0.32693612575531006, 0.0
PR_35
RBT,( 4.780,  0.327,  0.157 ), (-0.311, -0.206,  0.000,  0.928 )
-0.007078529801219702, -0.0998738557100296, 0.0
0.04961732029914856, -0.12676841020584106, 0.0
0.08103494346141815, -0.03281546011567116, 0.0
-0.007824879139661789, 0.10474531352519989, 0.0
-0.10701391100883484, 0.09317927807569504, 0.0
PR_36
RBT,( 1.168,  1.895, -0.015 ), ( 0.006,  0.085,  0.000,  0.996 )
-0.019206110388040543, -0.10668554157018661, 0.0
0.055761247873306274, -0.124045729637146, 0.0
0.07750380039215088, 0.02969447895884514, 0.0
0.017960915341973305, 0.13326753675937653, 0.0
-0.01991075463593006, 0.17058204114437103, 0.0
-0.05749649181962013, 0.11526796221733093, 0.0
-0.07754513621330261, -0.0035665715113282204, 0.0
PR_37
RBT,( 1.591,  0.939,  0.132 ), ( 0.268, -0.549,  0.000,  0.792 )
-0.00690831895917654, -0.08285705745220184, 0.0
0.11457682400941849, -0.24387283623218536, 0.0
0.15434879064559937, -0.1992865353822708, 0.0
-0.030321715399622917, 0.2348388433456421, 0.0
-0.09358823299407959, 0.23502978682518005, 0.0
-0.13609492778778076, 0.18018318712711334, 0.0
-0.14835581183433533, 0.12035331130027771, 0.0
PR_38
RBT,( 3.885,  4.113, -0.048 ), ( 0.002, -0.002,  0.000,  1.000 )
0.0017198959831148386, -0.10974616557359695, 0.0
0.0527050606906414, -0.10505557805299759, 0.0
0.10238587111234665, -0.06555300205945969, 0.0
0.12935055792331696, 0.007881691679358482, 0.0
-0.05640840157866478, 0.12144841998815536, 0.0
-0.0885397419333458, 0.07389753311872482, 0.0
-0.1327173411846161, -0.04240003228187561, 0.0
