PR_0
RBT,( 2.601,  6.463,  0.000 ), (-0.000, -0.000,  0.000,  1.000 )
-2.11395525932312, -0.8534921407699585, 0.0
-1.9080824851989746, -0.9149655103683472, 0.0
0.5313647985458374, -1.5912960767745972, 0.0
0.7763940095901489, -1.6589349508285522, 0.0
0.9623574018478394, -1.7102373838424683, 0.0
1.1888507604599, -1.772704005241394, 0.0
1.486850380897522, -1.8548353910446167, 0.0
1.7461997270584106, -1.2345584630966187, 0.0
1.8222743272781372, -0.9902700185775757, 0.0
2.0603554248809814, -0.13561850786209106, 0.0
2.4017066955566406, 1.091205358505249, 0.0
2.499878406524658, 1.4453470706939697, 0.0
2.76365065574646, 2.404409408569336, 0.0
2.7008516788482666, 2.479482650756836, 0.0
2.560411214828491, 2.584383964538574, 0.0
-0.42224228382110596, 3.4629251956939697, 0.0
-0.534464955329895, 3.491320848464966, 0.0
-0.6415224671363831, 3.4995346069335938, 0.0
-0.7683073282241821, 3.4903955459594727, 0.0
-0.8675045967102051, 3.480715036392212, 0.0
-0.9653041362762451, 3.4683496952056885, 0.0
-1.0351675748825073, 3.445070266723633, 0.0
-1.0750395059585571, 3.3212730884552, 0.0
-1.4917895793914795, 1.8223326206207275, 0.0
-1.8180159330368042, 0.6422258615493774, 0.0
-2.1895527839660645, -0.7098740339279175, 0.0
-2.1981184482574463, -0.8110846281051636, 0.0
PR_1
RBT,( 3.151,  7.511,  0.533 ), (-0.000, -0.000,  0.000,  1.000 )
-0.3896258771419525, -0.16640087962150574, 0.0
-0.04050960764288902, -0.30587464570999146, 0.0
0.20147714018821716, -0.40218615531921387, 0.0
0.35151275992393494, -0.44150152802467346, 0.0
0.5108846426010132, -0.17445212602615356, 0.0
0.5914605259895325, 0.015649110078811646, 0.0
0.5631324648857117, 0.08123157918453217, 0.0
0.3731006979942322, 0.17052696645259857, 0.0
-0.293628454208374, 0.43900617957115173, 0.0
-0.3806370794773102, 0.46068117022514343, 0.0
-0.4893207848072052, 0.419921338558197, 0.0
-0.5210822224617004, 0.34326598048210144, 0.0
-0.6216745376586914, -0.042399995028972626, 0.0
PR_2
RBT,( 3.022,  7.233,  0.457 ), ( 0.648, -0.268,  0.000,  0.713 )
-0.468660831451416, 0.08465861529111862, 0.0
-0.2862760126590729, 0.008640012703835964, 0.0
0.21305516362190247, -0.1975376307964325, 0.0
0.2739015817642212, -0.22109800577163696, 0.0
0.4276649057865143, -0.27163076400756836, 0.0
0.5381043553352356, -0.12580935657024384, 0.0
0.6245293021202087, 0.05747285485267639, 0.0
0.6447873115539551, 0.1381247490644455, 0.0
-0.4740638732910156, 0.32086312770843506, 0.0
-0.532028317451477, 0.14584113657474518, 0.0
PR_3
RBT,( 2.395,  8.741, -0.000 ), (-0.000, -0.000,  0.000,  1.000 )
-0.22170986235141754, -0.5298561453819275, 0.0
-0.16319268941879272, -0.9007090926170349, 0.0
-0.11729065328836441, -1.1773585081100464, 0.0
-0.0812750905752182, -1.393419623374939, 0.0
-0.029919659718871117, -1.1850275993347168, 0.0
0.012858055531978607, -0.9481491446495056, 0.0
0.21960796415805817, 0.20823340117931366, 0.0
0.2535201907157898, 0.4125428795814514, 0.0
0.27512863278388977, 0.5714030861854553, 0.0
0.32103997468948364, 0.9398818612098694, 0.0
0.23775365948677063, 1.2230697870254517, 0.0
0.17504453659057617, 1.2265020608901978, 0.0
0.024658439680933952, 1.2318778038024902, 0.0
-0.05621720477938652, 1.2155348062515259, 0.0
-0.07957814633846283, 1.0329309701919556, 0.0
-0.10863526910543442, 0.7809425592422485, 0.0
-0.22201938927173615, -0.2974972426891327, 0.0
-0.23612357676029205, -0.4331306517124176, 0.0
PR_4
RBT,( 2.838,  6.854,  0.178 ), ( 0.001, -0.000,  0.000,  1.000 )
-0.33540835976600647, -0.007235144264996052, 0.0
0.03242756798863411, -0.16390502452850342, 0.0
0.3750135898590088, -0.3050403594970703, 0.0
0.43321871757507324, -0.30306172370910645, 0.0
0.48485231399536133, -0.20003274083137512, 0.0
0.5076965093612671, -0.1421440690755844, 0.0
0.42924442887306213, -0.02554793655872345, 0.0
0.0167408287525177, 0.14501631259918213, 0.0
-0.41445407271385193, 0.31841975450515747, 0.0
-0.47184836864471436, 0.22940175235271454, 0.0
-0.5242974758148193, 0.09721950441598892, 0.0
PR_5
RBT,( 2.946,  7.107,  0.356 ), ( 0.001, -0.000,  0.000,  1.000 )
-0.37336465716362, 0.019754812121391296, 0.0
-0.23946455121040344, -0.04135008901357651, 0.0
0.38439932465553284, -0.30165958404541016, 0.0
0.4404960870742798, -0.29697662591934204, 0.0
0.48675602674484253, -0.19896304607391357, 0.0
0.5185102224349976, -0.09938793629407883, 0.0
0.4647723138332367, -0.05640818551182747, 0.0
0.4045226275920868, -0.01443371083587408, 0.0
-0.4358009099960327, 0.31797686219215393, 0.0
-0.527294397354126, 0.0946536436676979, 0.0
PR_6
RBT,( 2.890,  6.985,  0.266 ), ( 0.651, -0.270,  0.000,  0.709 )
-0.46932196617126465, 0.11185747385025024, 0.0
-0.4115193784236908, 0.07629837840795517, 0.0
0.40830814838409424, -0.26516228914260864, 0.0
0.4858078062534332, -0.21509212255477905, 0.0
0.5105860233306885, -0.12137865275144577, 0.0
0.4293311536312103, -0.08440279960632324, 0.0
-0.05066950246691704, 0.11705824732780457, 0.0
-0.30797553062438965, 0.22007659077644348, 0.0
-0.44837141036987305, 0.27463167905807495, 0.0
-0.47922438383102417, 0.205638125538826, 0.0
PR_7
RBT,( 4.296,  8.087, -0.000 ), (-0.000, -0.000,  0.000,  1.000 )
-0.48830780386924744, -0.8595158457756042, 0.0
-0.2939513623714447, -0.6254064440727234, 0.0
-0.23058588802814484, -0.5368689298629761, 0.0
-0.02583535946905613, -0.20231029391288757, 0.0
0.31476226449012756, 0.36570101976394653, 0.0
0.5080644488334656, 0.691973865032196, 0.0
0.6093890070915222, 0.8696080446243286, 0.0
0.7049700617790222, 1.0507128238677979, 0.0
0.6423422694206238, 1.0977575778961182, 0.0
0.335156112909317, 0.7610923647880554, 0.0
0.10271470248699188, 0.3484269380569458, 0.0
-0.5641582608222961, -0.8466393947601318, 0.0
-0.6865828633308411, -1.0674893856048584, 0.0
-0.7088263630867004, -1.1150619983673096, 0.0
PR_8
RBT,( 3.849,  5.253,  0.150 ), ( 0.000, -0.001,  0.000,  1.000 )
-0.14139316976070404, -0.14478351175785065, 0.0
0.049569059163331985, -0.04719174653291702, 0.0
-0.14168217778205872, -0.14324074983596802, 0.0
-0.12294948101043701, -0.24323900043964386, 0.0
-0.05445076525211334, -0.24542102217674255, 0.0
0.1711745709180832, -0.24066556990146637, 0.0
0.19368067383766174, -0.15980736911296844, 0.0
0.22043615579605103, -0.050696782767772675, 0.0
0.044024985283613205, 0.29449495673179626, 0.0
0.014151642099022865, 0.3410395681858063, 0.0
-0.062399864196777344, 0.3404644727706909, 0.0
-0.1189991757273674, 0.33806267380714417, 0.0
-0.12523265182971954, 0.282125860452652, 0.0
-0.1473591923713684, 0.055618010461330414, 0.0
PR_9
RBT,( 2.782,  6.727,  0.091 ), ( 0.651, -0.270,  0.000,  0.709 )
-0.2159123569726944, -0.010479063726961613, 0.0
0.27912598848342896, -0.20782677829265594, 0.0
0.3581062853336334, -0.23609255254268646, 0.0
0.4724145233631134, -0.2369059920310974, 0.0
0.4947669804096222, -0.18365547060966492, 0.0
0.4959854483604431, -0.12112526595592499, 0.0
0.43348073959350586, -0.09234552085399628, 0.0
-0.020441753789782524, 0.0974775105714798, 0.0
-0.08210446685552597, 0.12279118597507477, 0.0
-0.4016762375831604, 0.2530837059020996, 0.0
-0.4702928364276886, 0.2793707847595215, 0.0
-0.49914273619651794, 0.14094483852386475, 0.0
PR_10
RBT,( 4.197,  4.937,  0.150 ), (-0.000, -0.004,  0.000,  1.000 )
-0.09002629667520523, -0.24870669841766357, 0.0
-0.04916795715689659, -0.3243870139122009, 0.0
0.033246953040361404, -0.32764217257499695, 0.0
0.07075224071741104, -0.18764330446720123, 0.0
0.09468317031860352, -0.08193420618772507, 0.0
0.1006527841091156, 0.013634948059916496, 0.0
0.07435238361358643, 0.25458547472953796, 0.0
-0.06418941169977188, 0.2507062256336212, 0.0
-0.1067095473408699, 0.07296227663755417, 0.0
PR_11
RBT,( 0.853,  6.523,  0.175 ), ( 0.002, -0.003,  0.000,  1.000 )
-0.18053050339221954, -0.2922458350658417, 0.0
0.28063181042671204, -0.1359444409608841, 0.0
0.31663161516189575, -0.012292216531932354, 0.0
0.17925529181957245, 0.22320935130119324, 0.0
0.13396944105625153, 0.26608648896217346, 0.0
0.012789759784936905, 0.24126732349395752, 0.0
-0.04283298924565315, 0.2234383374452591, 0.0
-0.17762131989002228, 0.08926158398389816, 0.0
-0.291195809841156, -0.24864664673805237, 0.0
-0.31479552388191223, -0.33348438143730164, 0.0
PR_12
RBT,( 0.946,  7.421,  0.100 ), ( 0.549,  0.441,  0.000,  0.710 )
-0.03428655117750168, -0.14892159402370453, 0.0
0.15101279318332672, 0.007905714213848114, 0.0
0.11991579830646515, 0.05692359060049057, 0.0
0.03326016664505005, 0.1342369168996811, 0.0
-0.05571085214614868, 0.0643547773361206, 0.0
-0.10348573327064514, 0.025202354416251183, 0.0
-0.13271333277225494, -0.022327139973640442, 0.0
PR_13
RBT,( 3.703,  5.132,  0.086 ), ( 0.003, -0.702,  0.000,  0.712 )
-0.05326898396015167, -0.1238979697227478, 0.0
0.06210001930594444, -0.11870419234037399, 0.0
0.06158510968089104, 0.0793524906039238, 0.0
0.04399390146136284, 0.15804919600486755, 0.0
-0.07508531957864761, 0.13640624284744263, 0.0
PR_14
RBT,( 1.019,  6.402,  0.104 ), ( 0.690, -0.129,  0.000,  0.712 )
-0.060468852519989014, -0.06099839136004448, 0.0
-0.00712196109816432, -0.08830805122852325, 0.0
0.0987221896648407, -0.06928190588951111, 0.0
0.0955401211977005, 0.012747654691338539, 0.0
0.060132622718811035, 0.05799110233783722, 0.0
-0.09927874058485031, 0.08515522629022598, 0.0
-0.11048302799463272, 0.012148883193731308, 0.0
PR_15
RBT,( 0.832,  6.308,  0.091 ), ( 0.001,  0.001,  0.000,  1.000 )
-0.08011883497238159, -0.11869386583566666, 0.0
-0.03893641009926796, -0.1598152369260788, 0.0
0.023463578894734383, -0.12333378195762634, 0.0
0.12454462051391602, 0.08002875000238419, 0.0
0.04783015698194504, 0.1213623657822609, 0.0
-0.04012668505311012, 0.16084183752536774, 0.0
-0.06023509427905083, 0.07976481318473816, 0.0
-0.09186679124832153, -0.0539245642721653, 0.0
PR_16
RBT,( 4.104,  4.732,  0.087 ), (-0.005, -0.703,  0.000,  0.711 )
-0.04510674625635147, -0.11554961651563644, 0.0
0.06023663282394409, -0.10240688920021057, 0.0
0.060321953147649765, -0.0038595825899392366, 0.0
0.040481727570295334, 0.16025568544864655, 0.0
-0.0761801227927208, 0.09656114876270294, 0.0
-0.07638093084096909, 0.01762612722814083, 0.0
PR_17
RBT,( 2.602,  7.684,  1.056 ), ( 0.275,  0.663,  0.000,  0.697 )
-0.0686248317360878, -0.2775084972381592, 0.0
0.07750401645898819, 0.1535106599330902, 0.0
0.07624835520982742, 0.2523621618747711, 0.0
0.023207051679491997, 0.136687234044075, 0.0
-0.07721526175737381, -0.10557128489017487, 0.0
-0.10063966363668442, -0.16279417276382446, 0.0
PR_18
RBT,( 0.754,  6.381,  0.125 ), ( 0.051,  0.669,  0.000,  0.741 )
0.02338165044784546, -0.1151319295167923, 0.0
0.04184926673769951, 0.10174138844013214, 0.0
-0.015598277561366558, 0.1111486628651619, 0.0
-0.04130787029862404, 0.05087774246931076, 0.0
-0.05237531661987305, -0.10763367265462875, 0.0
PR_19
RBT,( 3.494,  6.963,  0.291 ), ( 0.258, -0.106,  0.000,  0.960 )
-0.08548130840063095, -0.2475341409444809, 0.0
0.12501592934131622, 0.25792795419692993, 0.0
0.14099730551242828, 0.3111734688282013, 0.0
0.07842108607292175, 0.22053442895412445, 0.0
0.029972128570079803, 0.13422651588916779, 0.0
-0.08782470226287842, -0.15974552929401398, 0.0
-0.11558394879102707, -0.2960202097892761, 0.0
PR_20
RBT,( 1.156,  6.455,  0.100 ), ( 0.189,  0.680,  0.000,  0.708 )
-0.009235472418367863, -0.0737883597612381, 0.0
0.056402359157800674, -0.046311307698488235, 0.0
0.0793185755610466, 0.03411419689655304, 0.0
-0.01091228798031807, 0.07404790818691254, 0.0
-0.05863846465945244, 0.05550416186451912, 0.0
-0.08349408954381943, -0.03899355232715607, 0.0
PR_21
RBT,( 2.608,  7.718,  1.583 ), ( 0.362,  0.888,  0.000,  0.284 )
-0.060391392558813095, -0.1778402179479599, 0.0
-0.02876773476600647, -0.12210503965616226, 0.0
0.08398275077342987, 0.1549237072467804, 0.0
0.011942441575229168, 0.07867790758609772, 0.0
-0.07190603762865067, -0.12868662178516388, 0.0
PR_22
RBT,( 2.202,  6.757,  0.553 ), ( 0.292, -0.015,  0.000,  0.956 )
-0.2560615837574005, -0.7809838056564331, 0.0
-0.23075151443481445, -0.7240320444107056, 0.0
0.12481717765331268, 0.2807762920856476, 0.0
0.2768802344799042, 0.7332212924957275, 0.0
0.2519941031932831, 0.7861997485160828, 0.0
-0.05523000285029411, -0.08964792639017105, 0.0
-0.2714822590351105, -0.7072762846946716, 0.0
PR_23
RBT,( 2.698,  7.979,  0.998 ), ( 0.621, -0.337,  0.000,  0.708 )
-0.18075576424598694, -0.3643264174461365, 0.0
-0.011372397653758526, -0.0760788545012474, 0.0
0.09706076234579086, 0.12124969810247421, 0.0
0.13469983637332916, 0.19499069452285767, 0.0
0.20530466735363007, 0.4014700949192047, 0.0
0.19292449951171875, 0.38325849175453186, 0.0
0.07987359166145325, 0.1829601377248764, 0.0
-0.012256252579391003, 0.013578825630247593, 0.0
-0.1907448172569275, -0.31894487142562866, 0.0
-0.22540462017059326, -0.3851526975631714, 0.0
PR_24
RBT,( 3.728,  7.551,  0.789 ), ( 0.661, -0.249,  0.000,  0.708 )
-0.022287309169769287, -0.1242963895201683, 0.0
0.0753365233540535, 0.14235717058181763, 0.0
0.07348072528839111, 0.2448272854089737, 0.0
0.03022225759923458, 0.13989850878715515, 0.0
-0.060799382627010345, -0.1060481071472168, 0.0
-0.08339988440275192, -0.1846410036087036, 0.0
PR_25
RBT,( 2.493,  7.460,  1.350 ), ( 0.704, -0.059,  0.000,  0.708 )
0.01187544409185648, -0.17083364725112915, 0.0
0.020287660881876945, -0.04491441324353218, 0.0
0.024267634376883507, 0.11776828020811081, 0.0
-0.0035121787805110216, 0.2466387152671814, 0.0
-0.04513249173760414, -0.2767747938632965, 0.0
PR_26
RBT,( 2.185,  6.696,  0.511 ), ( 0.345,  0.232,  0.000,  0.910 )
-0.1426147222518921, -0.8577139377593994, 0.0
-0.10971063375473022, -0.7109901309013367, 0.0
-0.08432294428348541, -0.5790088176727295, 0.0
0.11449231207370758, 0.47584980726242065, 0.0
0.1542247086763382, 0.6931655406951904, 0.0
0.14655795693397522, 0.8750879764556885, 0.0
0.07862934470176697, 0.53421550989151, 0.0
-0.11661681532859802, -0.48726096749305725, 0.0
-0.1758631020784378, -0.8027620315551758, 0.0
PR_27
RBT,( 3.217,  6.328,  0.550 ), ( 0.195, -0.239,  0.000,  0.951 )
-0.43824172019958496, -0.8825761079788208, 0.0
-0.4034050405025482, -0.8279340863227844, 0.0
-0.36449965834617615, -0.7578415870666504, 0.0
0.06065448373556137, 0.06900649517774582, 0.0
0.4008220434188843, 0.737514317035675, 0.0
0.3449491262435913, 0.7040315270423889, 0.0
0.26548194885253906, 0.5637539029121399, 0.0
0.20264819264411926, 0.4463820159435272, 0.0
-0.4117882251739502, -0.7469450831413269, 0.0
-0.445003867149353, -0.8271290063858032, 0.0
PR_28
RBT,( 2.711,  7.975,  1.349 ), ( 0.706,  0.033,  0.000,  0.708 )
-0.02013670653104782, -0.06711030751466751, 0.0
0.009896245785057545, -0.2189442217350006, 0.0
0.02836301550269127, -0.12308821082115173, 0.0
0.014428459107875824, 0.14599710702896118, 0.0
0.004633686039596796, 0.22343093156814575, 0.0
-0.030025482177734375, 0.13502943515777588, 0.0
PR_29
RBT,( 2.493,  7.459,  0.745 ), ( 0.705, -0.071,  0.000,  0.706 )
0.015900252386927605, -0.07519859820604324, 0.0
0.023343965411186218, 0.0018797016236931086, 0.0
0.022949839010834694, 0.08052466064691544, 0.0
0.00552716851234436, 0.18508662283420563, 0.0
-0.013390447944402695, 0.06460469961166382, 0.0
-0.03662218898534775, -0.17435631155967712, 0.0
PR_30
RBT,( 0.985,  7.571,  0.185 ), ( 0.004,  0.016,  0.000,  1.000 )
0.01364808902144432, -0.10844500362873077, 0.0
0.05870702117681503, -0.038454264402389526, 0.0
0.04866860434412956, 0.04231211170554161, 0.0
0.041271090507507324, 0.09214706718921661, 0.0
0.01021877396851778, 0.16092050075531006, 0.0
-0.021241389214992523, 0.05625344440340996, 0.0
-0.06944455206394196, -0.1212429478764534, 0.0
