PR_0
RBT,( 1.771,  0.654,  0.374 ), ( 0.221, -0.633,  0.000,  0.742 )
-0.6442382335662842, 0.6071998476982117, 0.0
-0.15278251469135284, -0.77953040599823, 0.0
-0.06043759733438492, -0.9491658210754395, 0.0
0.057244252413511276, -0.9175944328308105, 0.0
0.5582391023635864, -0.7318947315216064, 0.0
0.6397258043289185, -0.6908507347106934, 0.0
0.3061284124851227, 0.2620742917060852, 0.0
0.19636325538158417, 0.5689222812652588, 0.0
0.17379771173000336, 0.6283282041549683, 0.0
0.08038067072629929, 0.8620900511741638, 0.0
-0.04177168011665344, 1.0196843147277832, 0.0
-0.11652597039937973, 0.9975461363792419, 0.0
-0.16678284108638763, 0.9808477759361267, 0.0
-0.6540879011154175, 0.76740562915802, 0.0
PR_1
RBT,( 1.573,  0.254, -0.005 ), (-0.009,  0.002,  0.000,  1.000 )
-1.1385536193847656, -1.6699527502059937, 0.0
-1.0775301456451416, -1.848466396331787, 0.0
-0.9595526456832886, -1.9436488151550293, 0.0
-0.6174846887588501, -2.2041523456573486, 0.0
-0.3256550133228302, -2.127009630203247, 0.0
0.2983683943748474, -1.945609211921692, 0.0
0.9496476054191589, -1.7536107301712036, 0.0
1.1867486238479614, -1.6825636625289917, 0.0
2.19874906539917, -1.3793185949325562, 0.0
2.9422929286956787, -1.1532695293426514, 0.0
2.9967708587646484, -1.1231542825698853, 0.0
3.072040319442749, -1.0720268487930298, 0.0
3.1137232780456543, -1.0372347831726074, 0.0
3.1557693481445312, -0.9603787660598755, 0.0
3.3072965145111084, -0.09431113302707672, 0.0
2.6652073860168457, 0.6439375877380371, 0.0
0.32305076718330383, 2.903186321258545, 0.0
0.2770257592201233, 2.935620069503784, 0.0
0.19321618974208832, 2.972764492034912, 0.0
-0.5704349279403687, 2.921844720840454, 0.0
-0.618803083896637, 2.899545907974243, 0.0
-1.42243492603302, 2.4799649715423584, 0.0
-1.6768426895141602, 2.1158294677734375, 0.0
-1.774023413658142, 1.8250466585159302, 0.0
-1.9672458171844482, 1.0790824890136719, 0.0
PR_2
RBT,( 2.118, -0.300,  0.124 ), ( 0.257, -0.643,  0.000,  0.721 )
-0.09991564601659775, -0.09584789723157883, 0.0
-0.06616635620594025, -0.14454832673072815, 0.0
-0.0033726461697369814, -0.2158716917037964, 0.0
0.20668524503707886, 0.15501728653907776, 0.0
0.06154242157936096, 0.14186623692512512, 0.0
-0.1393718719482422, 0.05547541379928589, 0.0
PR_3
RBT,( 3.651,  1.022, -0.047 ), (-0.013, -0.003,  0.000,  1.000 )
-0.1446041762828827, -0.15053121745586395, 0.0
-0.09529297798871994, -0.2338344156742096, 0.0
-0.027462618425488472, -0.2261638045310974, 0.0
0.15224610269069672, -0.18482568860054016, 0.0
0.2232029289007187, 0.17369864881038666, 0.0
-0.043005455285310745, 0.18474464118480682, 0.0
-0.11689526587724686, 0.17010673880577087, 0.0
-0.16123728454113007, 0.1079428642988205, 0.0
PR_4
RBT,( 3.176,  1.697,  0.057 ), ( 0.230, -0.670,  0.000,  0.705 )
-0.1120135560631752, 0.060049500316381454, 0.0
-0.014147884212434292, -0.20198120176792145, 0.0
0.029551930725574493, -0.2378731369972229, 0.0
0.15603108704090118, -0.1820068657398224, 0.0
0.1316806674003601, -0.11106351763010025, 0.0
0.007421358488500118, 0.19287775456905365, 0.0
-0.09845660626888275, 0.20225217938423157, 0.0
-0.15402325987815857, 0.180124431848526, 0.0
PR_5
RBT,( 2.877,  2.528,  0.057 ), ( 0.240, -0.664,  0.000,  0.708 )
-0.2421877533197403, 0.43538451194763184, 0.0
-0.047936782240867615, -0.16659793257713318, 0.0
0.07373671978712082, -0.47133228182792664, 0.0
0.0972740650177002, -0.524162769317627, 0.0
0.1889665722846985, -0.5077793002128601, 0.0
0.2537987530231476, -0.47611719369888306, 0.0
0.10731808096170425, -0.0074915760196745396, 0.0
0.05708949640393257, 0.13638249039649963, 0.0
-0.028222985565662384, 0.35539817810058594, 0.0
-0.10003870725631714, 0.48675036430358887, 0.0
-0.16597922146320343, 0.5746923685073853, 0.0
-0.22266007959842682, 0.5969377160072327, 0.0
-0.25471776723861694, 0.48698940873146057, 0.0
PR_6
RBT,( 2.256, -0.306,  0.377 ), ( 0.003,  0.007,  0.000,  1.000 )
-0.11289611458778381, -0.0636192336678505, 0.0
0.034500349313020706, -0.0864805281162262, 0.0
0.10912211239337921, -0.09006515145301819, 0.0
0.15605613589286804, -0.04083995148539543, 0.0
0.11448018252849579, 0.03655535355210304, 0.0
0.018195901066064835, 0.09244514256715775, 0.0
-0.1455075591802597, 0.05742880329489708, 0.0
PR_7
RBT,( 3.091,  1.373, -0.033 ), (-0.011,  0.026,  0.000,  1.000 )
-0.2038467526435852, 0.17989172041416168, 0.0
-0.19694745540618896, 0.15878865122795105, 0.0
-0.1742853969335556, 0.09373681247234344, 0.0
-0.09280788153409958, -0.09459753334522247, 0.0
0.15501655638217926, -0.5056571364402771, 0.0
0.20014908909797668, -0.44441089034080505, 0.0
0.2866365611553192, -0.30735787749290466, 0.0
0.2872117757797241, -0.19859632849693298, 0.0
0.04347307235002518, 0.23700664937496185, 0.0
-0.0784221962094307, 0.36899176239967346, 0.0
-0.21758726239204407, 0.37791064381599426, 0.0
-0.2558421492576599, 0.338931679725647, 0.0
PR_8
RBT,(-0.694,  2.028, -0.010 ), (-0.007, -0.000,  0.000,  1.000 )
-0.07173006236553192, -0.1365741342306137, 0.0
-0.008243980817496777, -0.1518271565437317, 0.0
0.11815816909074783, -0.024271033704280853, 0.0
0.16802965104579926, 0.09431956708431244, 0.0
0.04155107960104942, 0.1663644164800644, 0.0
-0.013925009407103062, 0.12781265377998352, 0.0
-0.09534231573343277, 0.06472092866897583, 0.0
-0.15451538562774658, -0.02651630900800228, 0.0
PR_9
RBT,( 2.611,  3.166,  0.332 ), ( 0.664,  0.152,  0.000,  0.732 )
-0.14165259897708893, -0.03842092305421829, 0.0
-0.10300460457801819, -0.12586718797683716, 0.0
0.034222450107336044, -0.1227698028087616, 0.0
0.08354436606168747, -0.0917719379067421, 0.0
0.17941929399967194, -0.00521258357912302, 0.0
0.15282845497131348, 0.05109797418117523, 0.0
0.10992790013551712, 0.12267833203077316, 0.0
-0.005027030128985643, 0.14795538783073425, 0.0
-0.0724911019206047, 0.14928478002548218, 0.0
-0.15841549634933472, 0.08831153064966202, 0.0
-0.16031979024410248, 0.02666901983320713, 0.0
PR_10
RBT,( 4.689,  1.333, -0.050 ), (-0.011, -0.008,  0.000,  1.000 )
-0.07525474578142166, -0.05658034607768059, 0.0
-0.007903705351054668, -0.07124587148427963, 0.0
0.05028499662876129, -0.08276853710412979, 0.0
0.12267318367958069, -0.08466298133134842, 0.0
0.1003214493393898, -0.020842671394348145, 0.0
0.0624396838247776, 0.07363273948431015, 0.0
-0.13566988706588745, 0.04589051380753517, 0.0
PR_11
RBT,( 2.766,  2.264, -0.046 ), (-0.017,  0.030,  0.000,  0.999 )
-0.17869383096694946, 0.23263594508171082, 0.0
-0.17392534017562866, 0.15083348751068115, 0.0
-0.07284709066152573, -0.17386630177497864, 0.0
-0.01331325527280569, -0.3317239582538605, 0.0
0.02520904317498207, -0.40673354268074036, 0.0
0.1235618144273758, -0.3071741461753845, 0.0
0.17150616645812988, -0.163778156042099, 0.0
0.16142119467258453, -0.00848643109202385, 0.0
-0.019664419814944267, 0.32989540696144104, 0.0
-0.053941503167152405, 0.3833697438240051, 0.0
-0.12550176680088043, 0.449339896440506, 0.0
-0.18728499114513397, 0.47526004910469055, 0.0
PR_12
RBT,( 0.036,  0.439,  0.016 ), (-0.048,  0.099,  0.000,  0.994 )
0.010147389955818653, -0.09887518733739853, 0.0
0.0355735719203949, -0.14901696145534515, 0.0
0.037452682852745056, 0.04281626641750336, 0.0
-0.004603365436196327, 0.13663354516029358, 0.0
-0.04132866859436035, 0.09115426242351532, 0.0
-0.057705242186784744, 0.04174721986055374, 0.0
PR_13
RBT,( 4.003,  1.524, -0.053 ), (-0.010, -0.000,  0.000,  1.000 )
-0.24190494418144226, -0.09832611680030823, 0.0
0.06857073307037354, -0.13356485962867737, 0.0
0.20788927376270294, -0.023936506360769272, 0.0
0.1831466406583786, 0.02993028424680233, 0.0
0.11081760376691818, 0.09368066489696503, 0.0
0.021885167807340622, 0.1216931864619255, 0.0
-0.05410889908671379, 0.1133611872792244, 0.0
-0.17665919661521912, 0.08998207002878189, 0.0
-0.22276373207569122, 0.04849538952112198, 0.0
-0.24990151822566986, -0.010757075622677803, 0.0
PR_14
RBT,( 0.245,  2.970, -0.033 ), (-0.009, -0.004,  0.000,  1.000 )
-0.08684080839157104, -0.1152496486902237, 0.0
-0.03587858006358147, -0.1228497326374054, 0.0
0.20640745759010315, 0.07702308893203735, 0.0
0.0840970054268837, 0.08449283242225647, 0.0
-0.20339617133140564, 0.006705754902213812, 0.0
PR_15
RBT,( 2.119, -0.324,  0.287 ), ( 0.088, -0.698,  0.000,  0.711 )
-0.10157623142004013, 0.0070149777457118034, 0.0
-0.0795106366276741, -0.04347466304898262, 0.0
0.010703773237764835, -0.06735864281654358, 0.0
0.06863138824701309, -0.05773530900478363, 0.0
0.10138196498155594, -0.016212714836001396, 0.0
0.05698888376355171, 0.06178289279341698, 0.0
-0.10699476301670074, 0.0637718141078949, 0.0
PR_16
RBT,( 0.176,  2.511, -0.025 ), (-0.026,  0.018,  0.000,  1.000 )
-0.10539250820875168, 0.058633629232645035, 0.0
-0.009936314076185226, -0.08778426796197891, 0.0
0.15635685622692108, -0.061670463532209396, 0.0
-0.04371712729334831, 0.08719675242900848, 0.0
-0.14823690056800842, 0.12941552698612213, 0.0
PR_17
RBT,( 2.125,  2.864, -0.047 ), ( 0.010, -0.025,  0.000,  1.000 )
0.027871664613485336, -0.0955200120806694, 0.0
0.05818425118923187, -0.012672771699726582, 0.0
0.0635254979133606, 0.07030031085014343, 0.0
-0.05947909876704216, 0.07430815696716309, 0.0
-0.07091855257749557, -0.014460895210504532, 0.0
