PR_0
RBT,(-2.743, -2.890,  0.002 ), ( 0.001,  0.000,  0.000,  1.000 )
-3.069679021835327, -0.31711700558662415, 0.0
-3.0395195484161377, -0.3986399173736572, 0.0
-0.6436419486999512, -2.834045171737671, 0.0
-0.5708110332489014, -2.8795173168182373, 0.0
-0.4096940755844116, -2.9458277225494385, 0.0
-0.3615588843822479, -2.9652228355407715, 0.0
-0.3014073669910431, -2.9732284545898438, 0.0
-0.1609479784965515, -2.8357698917388916, 0.0
0.14426130056381226, -2.5305216312408447, 0.0
1.032222032546997, -1.6410115957260132, 0.0
1.5900356769561768, -1.081987738609314, 0.0
2.01218843460083, -0.6587576866149902, 0.0
2.369398593902588, 0.22605836391448975, 0.0
0.1035400927066803, 2.4891741275787354, 0.0
0.03924999758601189, 2.485058069229126, 0.0
-0.7931187152862549, 2.159472703933716, 0.0
-1.1036381721496582, 1.8754581212997437, 0.0
-1.2474615573883057, 1.7435433864593506, 0.0
-3.0419390201568604, -0.08939402550458908, 0.0
-3.0992801189422607, -0.15515172481536865, 0.0
PR_1
RBT,(-3.254, -3.815,  0.100 ), (-0.000,  0.000,  0.000,  1.000 )
-1.291678786277771, 1.200421690940857, 0.0
-1.239814281463623, 1.1394933462142944, 0.0
0.07968698441982269, -0.3503224551677704, 0.0
0.23125460743904114, -0.5101512670516968, 0.0
0.36216282844543457, -0.6463258266448975, 0.0
0.4494836628437042, -0.7325015068054199, 0.0
0.6256341934204102, -0.9019728899002075, 0.0
0.6830239295959473, -0.8623054027557373, 0.0
0.7990675568580627, -0.7474465370178223, 0.0
0.9103854298591614, -0.6338549852371216, 0.0
0.4069097340106964, -0.12574177980422974, 0.0
-1.1901696920394897, 1.2923212051391602, 0.0
-1.302565336227417, 1.364505410194397, 0.0
-1.3560724258422852, 1.3084321022033691, 0.0
PR_2
RBT,(-4.788, -4.528,  0.000 ), (-0.000,  0.001,  0.000,  1.000 )
-0.807884931564331, 0.846737802028656, 0.0
-0.7784308195114136, 0.7938899993896484, 0.0
-0.6261715292930603, 0.5425401329994202, 0.0
-0.5587134957313538, 0.43719521164894104, 0.0
-0.4075349271297455, 0.22458133101463318, 0.0
-0.14087361097335815, -0.094022735953331, 0.0
-0.07552731782197952, -0.1692841500043869, 0.0
0.06617747247219086, -0.3176816403865814, 0.0
0.19180993735790253, -0.43011370301246643, 0.0
0.44317129254341125, -0.6475648880004883, 0.0
0.6087004542350769, -0.7601935863494873, 0.0
0.7003962993621826, -0.8220393061637878, 0.0
0.8764997124671936, -0.9127544164657593, 0.0
0.734659731388092, -0.558817982673645, 0.0
-0.6925839185714722, 0.8684110045433044, 0.0
-0.9112074971199036, 1.0514687299728394, 0.0
PR_3
RBT,(-3.335, -4.869,  0.077 ), (-0.497,  0.497,  0.000,  0.712 )
-0.016768690198659897, -0.08911019563674927, 0.0
0.03996063396334648, -0.14509639143943787, 0.0
0.17659664154052734, -0.27839377522468567, 0.0
0.2359122484922409, -0.3296332061290741, 0.0
0.29759716987609863, -0.2857002317905426, 0.0
0.3257584571838379, -0.2174365222454071, 0.0
-0.10988406836986542, 0.21949858963489532, 0.0
-0.21972495317459106, 0.3185380697250366, 0.0
-0.31922292709350586, 0.21665765345096588, 0.0
PR_4
RBT,(-4.468, -3.912,  0.080 ), (-0.497,  0.497,  0.000,  0.712 )
-0.740931510925293, 0.6395788788795471, 0.0
-0.12421717494726181, 0.023337265476584435, 0.0
0.479279100894928, -0.579542338848114, 0.0
0.6568946242332458, -0.7546574473381042, 0.0
0.7365075349807739, -0.8063740134239197, 0.0
0.8089736700057983, -0.733131468296051, 0.0
0.7112173438072205, -0.6105320453643799, 0.0
0.0805298388004303, 0.03197353705763817, 0.0
-0.6879619359970093, 0.7921116948127747, 0.0
-0.7424351572990417, 0.8251825571060181, 0.0
-0.8232886791229248, 0.7320115566253662, 0.0
PR_5
RBT,(-4.009, -4.496,  0.151 ), ( 0.000,  0.000,  0.000,  1.000 )
0.1734989732503891, -0.4366406500339508, 0.0
0.5127487182617188, -0.7695023417472839, 0.0
0.6748207211494446, -0.9271442294120789, 0.0
0.8884766697883606, -0.7389857172966003, 0.0
0.9376647472381592, -0.677369236946106, 0.0
0.8002941608428955, -0.5331755876541138, 0.0
0.600516676902771, -0.32806339859962463, 0.0
-1.2003339529037476, 1.3266475200653076, 0.0
-1.2808955907821655, 1.3091800212860107, 0.0
-1.3390134572982788, 1.2597532272338867, 0.0
PR_6
RBT,(-3.803, -3.164,  0.054 ), (-0.497,  0.497,  0.000,  0.712 )
-0.7257886528968811, 0.6562274694442749, 0.0
-0.22183425724506378, 0.15168650448322296, 0.0
0.09428621083498001, -0.1627233475446701, 0.0
0.7119036316871643, -0.769131064414978, 0.0
0.7979907393455505, -0.8209089636802673, 0.0
0.789556086063385, -0.7349225282669067, 0.0
0.7424249649047852, -0.6783472895622253, 0.0
0.6926600933074951, -0.6249251961708069, 0.0
0.5564461350440979, -0.48606789112091064, 0.0
-0.6745361089706421, 0.7433242201805115, 0.0
-0.7667427062988281, 0.6985275149345398, 0.0
PR_7
RBT,(-2.600, -4.190,  0.054 ), (-0.499,  0.499,  0.000,  0.708 )
-0.24033139646053314, 0.18805214762687683, 0.0
-0.06941880285739899, 0.0037174636963754892, 0.0
0.18921980261802673, -0.25162675976753235, 0.0
0.25028195977211, -0.2745652198791504, 0.0
0.26476436853408813, -0.2052832543849945, 0.0
0.06968175619840622, 0.006439780816435814, 0.0
-0.1207776591181755, 0.18926894664764404, 0.0
-0.21316839754581451, 0.27544280886650085, 0.0
-0.27217182517051697, 0.2990387976169586, 0.0
-0.31884336471557617, 0.2729792296886444, 0.0
PR_8
RBT,(-4.120, -1.389,  0.065 ), ( 0.002,  0.052,  0.000,  0.999 )
-0.006998720578849316, -0.10015389323234558, 0.0
0.08755616843700409, -0.09757065027952194, 0.0
0.10615009814500809, -0.03826174512505531, 0.0
0.09114361554384232, 0.1975758969783783, 0.0
-0.1537603735923767, -0.038066316395998, 0.0
-0.193119615316391, -0.08101502805948257, 0.0
PR_9
RBT,(-2.187, -3.564,  0.052 ), ( 0.000,  0.000,  0.000,  1.000 )
-0.1596640795469284, -0.008482325822114944, 0.0
-0.12297923862934113, -0.06367133557796478, 0.0
0.060738883912563324, -0.2443295568227768, 0.0
0.21350787580013275, -0.34174132347106934, 0.0
0.15579093992710114, -0.14201204478740692, 0.0
0.01498531736433506, 0.2950059771537781, 0.0
-0.10148434340953827, 0.23183941841125488, 0.0
-0.1827276200056076, 0.13709354400634766, 0.0
PR_10
RBT,(-1.926, -3.465,  0.044 ), (-0.222,  0.227,  0.000,  0.948 )
-0.22227095067501068, 0.1925264149904251, 0.0
-0.16536642611026764, 0.13460907340049744, 0.0
0.13837645947933197, -0.16700933873653412, 0.0
0.2615548074245453, -0.2368747889995575, 0.0
0.20275487005710602, -0.17560283839702606, 0.0
0.055906862020492554, -0.027062634006142616, 0.0
-0.17697803676128387, 0.20054611563682556, 0.0
-0.25216805934906006, 0.2647174298763275, 0.0
PR_11
RBT,(-3.040, -2.514,  0.036 ), (-0.460,  0.460,  0.000,  0.759 )
-0.7383413314819336, 0.7168707251548767, 0.0
-0.6779638528823853, 0.6561385989189148, 0.0
0.009887429885566235, -0.0356297492980957, 0.0
0.660906970500946, -0.6782784461975098, 0.0
0.7569266557693481, -0.7484611868858337, 0.0
0.7283742427825928, -0.7169607877731323, 0.0
0.45171788334846497, -0.4136252701282501, 0.0
0.19406406581401825, -0.1546330451965332, 0.0
-0.3343217074871063, 0.3764953911304474, 0.0
-0.6283693909645081, 0.6685823202133179, 0.0
-0.6694085001945496, 0.7065501809120178, 0.0
-0.7642797827720642, 0.7732062339782715, 0.0
