PR_0
RBT,(-4.061, -4.156,  0.002 ), (-0.001,  0.001,  0.000,  1.000 )
-0.3863277733325958, 0.22550709545612335, 0.0
0.28066256642341614, -0.44437167048454285, 0.0
0.3640372157096863, -0.46626636385917664, 0.0
0.4604717791080475, -0.4473276436328888, 0.0
0.4457343816757202, -0.38068273663520813, 0.0
0.16242744028568268, 0.03965964540839195, 0.0
0.1075369194149971, 0.10766729712486267, 0.0
-0.2503783702850342, 0.46519702672958374, 0.0
-0.3226052522659302, 0.45114853978157043, 0.0
-0.487063467502594, 0.3299610912799835, 0.0
PR_1
RBT,(-4.737, -6.295,  0.136 ), (-0.499,  0.499,  0.000,  0.709 )
-0.25856852531433105, 0.09611246734857559, 0.0
-0.11964314430952072, -0.043939974159002304, 0.0
0.19045975804328918, -0.35042446851730347, 0.0
0.29813268780708313, -0.26000213623046875, 0.0
0.3252173364162445, -0.1748259961605072, 0.0
0.2809097468852997, -0.0998494103550911, 0.0
0.05856391787528992, 0.12195632606744766, 0.0
-0.12140488624572754, 0.297897607088089, 0.0
-0.1960771679878235, 0.34510907530784607, 0.0
-0.35539692640304565, 0.20026329159736633, 0.0
PR_2
RBT,(-4.210, -6.573,  0.000 ), ( 0.000,  0.000,  0.000,  1.000 )
-1.9369605779647827, -1.7757385969161987, 0.0
-1.8736629486083984, -1.8357447385787964, 0.0
-1.4800621271133423, -2.114158868789673, 0.0
-1.1035361289978027, -2.3449294567108154, 0.0
-0.796838104724884, -2.492537498474121, 0.0
-0.6122683882713318, -2.5704216957092285, 0.0
-0.5556738972663879, -2.5761730670928955, 0.0
-0.4723162055015564, -2.528170108795166, 0.0
-0.20657414197921753, -2.2687532901763916, 0.0
1.3376507759094238, -0.7374474406242371, 0.0
1.5128594636917114, -0.5616931915283203, 0.0
1.7971960306167603, -0.26700788736343384, 0.0
2.11653470993042, 0.5524603724479675, 0.0
2.1226093769073486, 0.6354396343231201, 0.0
2.023996353149414, 0.7247307300567627, 0.0
1.8305717706680298, 0.899870753288269, 0.0
1.6775785684585571, 1.0215867757797241, 0.0
1.2512426376342773, 1.360764503479004, 0.0
-0.4783889353275299, 2.5973708629608154, 0.0
-0.5709813237190247, 2.6370651721954346, 0.0
-0.6638576984405518, 2.618431568145752, 0.0
-0.9252668619155884, 2.5657882690429688, 0.0
-1.0557361841201782, 2.473508834838867, 0.0
-1.5636740922927856, 2.0300791263580322, 0.0
-1.6099399328231812, 1.9869924783706665, 0.0
-1.7094814777374268, 1.8888310194015503, 0.0
-2.4640841484069824, 1.1420103311538696, 0.0
-2.5812458992004395, 1.0260564088821411, 0.0
-2.7059364318847656, 0.9007559418678284, 0.0
PR_3
RBT,(-6.147, -7.713,  0.210 ), (-0.499,  0.499,  0.000,  0.709 )
-0.3385748863220215, 0.1452341377735138, 0.0
-0.19960935413837433, 0.003450679359957576, 0.0
0.05626082792878151, -0.2556907832622528, 0.0
0.1789025366306305, -0.36718490719795227, 0.0
0.23311331868171692, -0.31407269835472107, 0.0
0.35982418060302734, -0.18589189648628235, 0.0
0.2693365812301636, -0.0778561532497406, 0.0
0.114478699862957, 0.08095050603151321, 0.0
-0.18361736834049225, 0.3778547942638397, 0.0
-0.28329432010650635, 0.2802700400352478, 0.0
-0.36744746565818787, 0.19647829234600067, 0.0
PR_4
RBT,(-7.025, -7.012,  0.187 ), (-0.499,  0.499,  0.000,  0.708 )
-0.6337857842445374, 0.4061347544193268, 0.0
-0.460904061794281, 0.23043560981750488, 0.0
-0.07681755721569061, -0.15775851905345917, 0.0
0.20710620284080505, -0.4417865574359894, 0.0
0.3653261363506317, -0.5935481190681458, 0.0
0.519635021686554, -0.4620530307292938, 0.0
0.6005597114562988, -0.37357819080352783, 0.0
0.5578656792640686, -0.3099982440471649, 0.0
0.4988618791103363, -0.24077944457530975, 0.0
-0.022107604891061783, 0.2798302173614502, 0.0
-0.10401909798383713, 0.3613472580909729, 0.0
-0.23853585124015808, 0.48696577548980713, 0.0
-0.31619393825531006, 0.5480278730392456, 0.0
-0.4399750232696533, 0.5484924912452698, 0.0
-0.4983026385307312, 0.5437887907028198, 0.0
-0.6162218451499939, 0.5276402235031128, 0.0
-0.7018322348594666, 0.5037304759025574, 0.0
PR_5
RBT,(-5.930, -6.805,  0.302 ), ( 0.001, -0.001,  0.000,  1.000 )
-0.9955117106437683, 0.8994214534759521, 0.0
-0.06084354966878891, -0.20936770737171173, 0.0
0.1527411788702011, -0.42845577001571655, 0.0
0.4023229479789734, -0.6781715154647827, 0.0
0.48459160327911377, -0.7464179396629333, 0.0
0.5328307151794434, -0.7048847079277039, 0.0
0.7632038593292236, -0.47887223958969116, 0.0
0.7176840305328369, -0.43037450313568115, 0.0
0.30609336495399475, -0.016951004043221474, 0.0
-0.8471670746803284, 0.9575790166854858, 0.0
-1.0172228813171387, 1.0764944553375244, 0.0
-1.0827279090881348, 1.014812707901001, 0.0
PR_6
RBT,(-4.525, -5.380,  0.202 ), (-0.000,  0.001,  0.000,  1.000 )
0.015818554908037186, -0.2868000268936157, 0.0
0.16165274381637573, -0.4328136444091797, 0.0
0.4943041503429413, -0.7646830081939697, 0.0
0.6714764833450317, -0.5897485613822937, 0.0
0.7118131518363953, -0.5486524701118469, 0.0
0.7713373303413391, -0.48472923040390015, 0.0
0.3120834231376648, -0.030459541827440262, 0.0
-0.9424697756767273, 1.0479400157928467, 0.0
-1.0275368690490723, 1.0500881671905518, 0.0
-1.0860912799835205, 0.9931771159172058, 0.0
PR_7
RBT,(-5.217, -6.122,  0.252 ), ( 0.001, -0.000,  0.000,  1.000 )
-0.0713535025715828, -0.17267253994941711, 0.0
0.009315614588558674, -0.2655227482318878, 0.0
0.12515777349472046, -0.3824971914291382, 0.0
0.30493566393852234, -0.5604020953178406, 0.0
0.37246808409690857, -0.6246576905250549, 0.0
0.4839651584625244, -0.721989631652832, 0.0
0.7256664633750916, -0.48222431540489197, 0.0
0.6667227745056152, -0.38585954904556274, 0.0
0.2697955369949341, 0.012217371724545956, 0.0
0.2259313315153122, 0.05204763635993004, 0.0
-0.9923716187477112, 1.0932140350341797, 0.0
-1.0580569505691528, 1.075741171836853, 0.0
-1.088423490524292, 1.0090961456298828, 0.0
PR_8
RBT,(-3.704, -4.790,  0.152 ), (-0.000,  0.000,  0.000,  1.000 )
-0.1625739485025406, -0.11334817111492157, 0.0
0.28007471561431885, -0.5534490346908569, 0.0
0.3369064927101135, -0.6017361879348755, 0.0
0.3909417986869812, -0.6370761394500732, 0.0
0.6615592837333679, -0.3707614541053772, 0.0
0.2517673671245575, 0.03550705686211586, 0.0
0.13192367553710938, 0.14050836861133575, 0.0
-0.7524548172950745, 0.8621799349784851, 0.0
-0.8205477595329285, 0.8339675068855286, 0.0
-0.8863527178764343, 0.8010304570198059, 0.0
PR_9
RBT,(-5.674, -5.535,  0.135 ), (-0.499,  0.499,  0.000,  0.708 )
-0.5055825710296631, 0.34175434708595276, 0.0
-0.44362637400627136, 0.2785784900188446, 0.0
-0.2127331793308258, 0.04747453331947327, 0.0
0.4069864749908447, -0.5691406726837158, 0.0
0.47822555899620056, -0.6384615898132324, 0.0
0.5716779232025146, -0.5193807482719421, 0.0
0.616746187210083, -0.44137871265411377, 0.0
0.5375401973724365, -0.359453946352005, 0.0
0.09118566662073135, 0.09121584892272949, 0.0
-0.3180161416530609, 0.5016456842422485, 0.0
-0.41201239824295044, 0.5910013914108276, 0.0
-0.47985541820526123, 0.600077211856842, 0.0
-0.5372895002365112, 0.5461735725402832, 0.0
-0.6005472540855408, 0.4430563151836395, 0.0
PR_10
RBT,(-6.367, -6.257,  0.155 ), (-0.500,  0.499,  0.000,  0.708 )
-0.3762577176094055, 0.1654803603887558, 0.0
0.2912750840187073, -0.5003969073295593, 0.0
0.38195714354515076, -0.5738612413406372, 0.0
0.4518490433692932, -0.6147114038467407, 0.0
0.6062941551208496, -0.45949605107307434, 0.0
0.5776155591011047, -0.36891067028045654, 0.0
0.2539694011211395, -0.035792894661426544, 0.0
-0.4192661941051483, 0.6277182102203369, 0.0
-0.4807126522064209, 0.6490219831466675, 0.0
-0.570619523525238, 0.5621288418769836, 0.0
-0.6544016599655151, 0.45685768127441406, 0.0
PR_11
RBT,(-4.940, -4.854,  0.103 ), (-0.500,  0.500,  0.000,  0.708 )
-0.4166962504386902, 0.27684706449508667, 0.0
0.3997492492198944, -0.5263472199440002, 0.0
0.4824758768081665, -0.5775737166404724, 0.0
0.560249924659729, -0.4258885085582733, 0.0
0.48282817006111145, -0.3459421694278717, 0.0
0.08301207423210144, 0.05458376556634903, 0.0
-0.1961643248796463, 0.3327895998954773, 0.0
-0.47522345185279846, 0.6072492599487305, 0.0
-0.5399273037910461, 0.5770300626754761, 0.0
-0.6081881523132324, 0.4821357727050781, 0.0
PR_12
RBT,(-4.025, -5.593,  0.112 ), (-0.499,  0.499,  0.000,  0.709 )
0.17304246127605438, -0.29904717206954956, 0.0
0.23040899634361267, -0.31257763504981995, 0.0
0.3163914680480957, -0.22595298290252686, 0.0
0.3077879548072815, -0.16552294790744781, 0.0
0.10624700039625168, 0.040725331753492355, 0.0
-0.17068420350551605, 0.31797662377357483, 0.0
-0.25092649459838867, 0.31224966049194336, 0.0
-0.3285680115222931, 0.20050567388534546, 0.0
PR_13
RBT,(-5.449, -6.997,  0.157 ), (-0.499,  0.499,  0.000,  0.708 )
-0.34346574544906616, 0.1400916874408722, 0.0
-0.29532769322395325, 0.08886610716581345, 0.0
-0.1364099085330963, -0.07075213640928268, 0.0
-0.04807780683040619, -0.15900930762290955, 0.0
0.11440935730934143, -0.31964123249053955, 0.0
0.1734105348587036, -0.35748350620269775, 0.0
0.2483583390712738, -0.3235197365283966, 0.0
0.33496779203414917, -0.23363681137561798, 0.0
0.3652649223804474, -0.18494337797164917, 0.0
0.21420611441135406, 0.007636742200702429, 0.0
0.1694529503583908, 0.05249004438519478, 0.0
-0.11965581774711609, 0.33016639947891235, 0.0
-0.18272724747657776, 0.36458802223205566, 0.0
-0.31502842903137207, 0.2430087774991989, 0.0
-0.37269455194473267, 0.18490207195281982, 0.0
PR_14
RBT,(-6.592, -7.564,  0.352 ), (-0.000,  0.001,  0.000,  1.000 )
-0.9583005905151367, 0.9525120258331299, 0.0
-0.9430833458900452, 0.8856906294822693, 0.0
-0.9257158041000366, 0.8365043997764587, 0.0
-0.07205885648727417, -0.18616433441638947, 0.0
-0.011697298847138882, -0.25632578134536743, 0.0
0.28407591581344604, -0.5461680293083191, 0.0
0.4388023912906647, -0.6885131001472473, 0.0
0.49915075302124023, -0.6448615789413452, 0.0
0.596735417842865, -0.5482267141342163, 0.0
0.6438086628913879, -0.5015625357627869, 0.0
0.6696058511734009, -0.40323641896247864, 0.0
0.4213716685771942, -0.15299604833126068, 0.0
0.21804727613925934, 0.051750488579273224, 0.0
0.1422102153301239, 0.11692842841148376, 0.0
-0.9606716632843018, 1.0439337491989136, 0.0
PR_15
RBT,(-7.007, -6.950,  0.002 ), (-0.000,  0.001,  0.000,  1.000 )
-0.49929553270339966, 0.48578083515167236, 0.0
-0.43056613206863403, 0.36974480748176575, 0.0
-0.24795998632907867, 0.17511318624019623, 0.0
0.11733946204185486, -0.19671358168125153, 0.0
0.30536437034606934, -0.3780133128166199, 0.0
0.37714239954948425, -0.4394097328186035, 0.0
0.43535104393959045, -0.4770306944847107, 0.0
0.47616520524024963, -0.4372425377368927, 0.0
0.4077702760696411, -0.3469623923301697, 0.0
0.3073625862598419, -0.23590736091136932, 0.0
-0.36570850014686584, 0.43276727199554443, 0.0
-0.4124293923377991, 0.47890299558639526, 0.0
-0.5227349400520325, 0.5662728548049927, 0.0
PR_16
RBT,(-4.076, -4.304,  0.080 ), (-0.500,  0.500,  0.000,  0.708 )
-0.2805238664150238, 0.18499432504177094, 0.0
0.331794798374176, -0.4027363657951355, 0.0
0.38139939308166504, -0.3134896755218506, 0.0
0.3320160508155823, -0.2588556408882141, 0.0
0.10091879218816757, -0.010251065716147423, 0.0
-0.2008262574672699, 0.30872198939323425, 0.0
-0.3403415083885193, 0.4230855405330658, 0.0
-0.40740200877189636, 0.4266940653324127, 0.0
-0.4281791150569916, 0.3671431541442871, 0.0
PR_17
RBT,(-3.316, -4.887,  0.075 ), (-0.494,  0.495,  0.000,  0.715 )
-0.20987197756767273, 0.1013428345322609, 0.0
0.011566110886633396, -0.119651198387146, 0.0
0.18942776322364807, -0.29689130187034607, 0.0
0.24050825834274292, -0.2896764874458313, 0.0
0.29039084911346436, -0.2577100694179535, 0.0
0.30273595452308655, -0.1973009556531906, 0.0
-0.1968684196472168, 0.30176037549972534, 0.0
-0.2751454710960388, 0.2807600796222687, 0.0
-0.3152547776699066, 0.23198272287845612, 0.0
