-0.18117238581180573, -0.0021177041344344616
-0.17155463993549347, 0.07504285871982574
-0.10594747215509415, 0.09730890393257141
0.009703864343464375, 0.09573104977607727
0.07040377706289291, 0.09242094308137894
0.24827805161476135, 0.07784577459096909
0.29409104585647583, 0.015534752979874611
0.14448511600494385, -0.03809283673763275
-0.06066366285085678, -0.09601650387048721
-0.16715016961097717, -0.12420361489057541
-0.18431666493415833, -0.06459398567676544
-0.18431666493415833, -0.06459398567676544
-0.18117238581180573, -0.0021177041344344616
-0.17155463993549347, 0.07504285871982574
-0.10594747215509415, 0.09730890393257141
0.009703864343464375, 0.09573104977607727
0.07040377706289291, 0.09242094308137894
0.24827805161476135, 0.07784577459096909
0.29409104585647583, 0.015534752979874611
0.14448511600494385, -0.03809283673763275
-0.06066366285085678, -0.09601650387048721
-0.16715016961097717, -0.12420361489057541
