-1.673069715499878, 0.08302725106477737
-1.640613317489624, 0.15125073492527008
-1.5052469968795776, 0.41290274262428284
-1.4553622007369995, 0.49932995438575745
-1.2788361310958862, 0.4843226969242096
-0.6414067149162292, 0.4256950616836548
-0.46988943219184875, 0.40822091698646545
0.23798763751983643, 0.3339079022407532
1.1212408542633057, 0.24118389189243317
1.2443907260894775, 0.2238091379404068
1.3596951961517334, 0.1986931711435318
1.361013650894165, -0.2221839278936386
1.3605443239212036, -0.3351801335811615
1.357697606086731, -0.48342499136924744
1.2358381748199463, -0.3690144717693329
1.1631195545196533, -0.3016723394393921
1.099483609199524, -0.23089884221553802
1.045935869216919, -0.17571698129177094
0.9608137607574463, -0.1396620124578476
0.8004133105278015, -0.13285909593105316
0.699084460735321, -0.1402360051870346
0.6071159243583679, -0.14246664941310883
0.5011512637138367, -0.13403044641017914
0.4068099558353424, -0.12159249931573868
0.36414262652397156, -0.12099860608577728
0.2819569408893585, -0.17102287709712982
0.2787906229496002, -0.2583564221858978
0.2835133373737335, -0.3247894048690796
0.28146106004714966, -0.45834362506866455
0.28291815519332886, -0.5947731733322144
0.28539779782295227, -0.6860359907150269
0.2658216059207916, -0.7862248420715332
0.2456447333097458, -0.7200183868408203
0.21238161623477936, -0.6647074222564697
0.1506931036710739, -0.6335856914520264
0.09695077687501907, -0.6080842018127441
-0.04285406693816185, -0.5353138446807861
-0.10690387338399887, -0.507061243057251
-0.1744239330291748, -0.4747277498245239
-0.3595893383026123, -0.3771393299102783
-0.43990594148635864, -0.3415015637874603
-0.4731843173503876, -0.33117806911468506
-0.5553337931632996, -0.3232630491256714
-0.6434609889984131, -0.29399919509887695
-0.6580303311347961, -0.2301536649465561
-0.7182356715202332, -0.21128033101558685
-0.7630211710929871, -0.17942188680171967
-0.7842585444450378, -0.16436444222927094
-0.8565175533294678, -0.1405252069234848
-0.9023712873458862, -0.13582846522331238
-1.0167909860610962, -0.13618087768554688
-1.1313396692276, -0.1420377492904663
-1.2169787883758545, -0.14343224465847015
-1.312676191329956, -0.1380826085805893
-1.3670461177825928, -0.13326703011989594
-1.5014790296554565, -0.08031211048364639
-1.5670393705368042, -0.04071102291345596
-1.6396836042404175, -0.027160976082086563
-1.696435809135437, 0.006526615470647812
-1.696435809135437, 0.006526615470647812
-1.673069715499878, 0.08302725106477737
-1.640613317489624, 0.15125073492527008
-1.5052469968795776, 0.41290274262428284
-1.4553622007369995, 0.49932995438575745
-1.2788361310958862, 0.4843226969242096
-0.6414067149162292, 0.4256950616836548
-0.5528024435043335, 0.4166680872440338
-0.7842585444450378, -0.16436444222927094
-1.2169787883758545, -0.14343224465847015
-1.312676191329956, -0.1380826085805893
-1.3670461177825928, -0.13326703011989594
-1.6396836042404175, -0.027160976082086563
-0.7842585444450378, -0.16436444222927094
-0.5528024435043335, 0.4166680872440338
-0.46988943219184875, 0.40822091698646545
0.23798763751983643, 0.3339079022407532
0.36414262652397156, -0.12099860608577728
0.28539779782295227, -0.6860359907150269
0.2658216059207916, -0.7862248420715332
-0.6434609889984131, -0.29399919509887695
0.23798763751983643, 0.3339079022407532
1.1005308628082275, 0.24335803091526031
0.9608137607574463, -0.1396620124578476
0.6071159243583679, -0.14246664941310883
0.5011512637138367, -0.13403044641017914
0.36414262652397156, -0.12099860608577728
0.9608137607574463, -0.1396620124578476
1.1005308628082275, 0.24335803091526031
1.1212408542633057, 0.24118389189243317
1.2443907260894775, 0.2238091379404068
1.3596951961517334, 0.1986931711435318
1.361013650894165, -0.2221839278936386
1.3605443239212036, -0.3351801335811615
1.357697606086731, -0.48342499136924744
