-1.2010283470153809, 0.7439297437667847
-1.0886330604553223, 0.7267641425132751
-1.0279335975646973, 0.7121999263763428
-0.945805013179779, 0.6749188899993896
-0.9403738379478455, 0.6231063604354858
-0.9407734274864197, 0.5718414783477783
-0.9366555213928223, 0.5052697658538818
-0.9382338523864746, 0.4278526306152344
-0.9527639746665955, 0.33336514234542847
-0.9489893317222595, 0.3129854202270508
-0.8960328102111816, 0.2463870495557785
-0.8008970618247986, 0.24436986446380615
-0.7105326056480408, 0.22656498849391937
-0.5822156667709351, 0.21113717555999756
-0.5099330544471741, 0.20614397525787354
-0.43174025416374207, 0.20260749757289886
-0.2589239478111267, 0.17177486419677734
-0.22454488277435303, 0.17056815326213837
-0.16492700576782227, 0.16873829066753387
-0.10133012384176254, 0.15524828433990479
-0.0157979317009449, 0.15092062950134277
0.05874870344996452, 0.1523537039756775
0.14953093230724335, 0.15236277878284454
0.2112862765789032, 0.14799344539642334
0.26825281977653503, 0.15236134827136993
0.332076758146286, 0.15236347913742065
0.4022345542907715, 0.14817972481250763
0.4529912769794464, 0.1523648053407669
0.5280042886734009, 0.2112368494272232
0.5302757620811462, 0.29497265815734863
0.5302537083625793, 0.3501414358615875
0.5279876589775085, 0.4916868507862091
0.5287353992462158, 0.5511419773101807
0.5528922080993652, 0.6467198133468628
0.6577144265174866, 0.6522166132926941
0.7471832633018494, 0.643879234790802
0.845917284488678, 0.6300682425498962
0.8471889495849609, 0.5527296662330627
0.8453074097633362, 0.31442534923553467
0.8483520746231079, 0.2390470653772354
0.8420696258544922, 0.15043053030967712
0.8411350250244141, 0.07286420464515686
0.8468009233474731, -0.0072055091150105
0.8460937142372131, -0.06727342307567596
0.8456926345825195, -0.148030623793602
0.8477965593338013, -0.21078406274318695
0.7850506901741028, -0.34580013155937195
0.690066933631897, -0.35983970761299133
0.5963253974914551, -0.3756674826145172
0.5162301063537598, -0.3900936245918274
0.4120537042617798, -0.4050448536872864
0.2888207733631134, -0.3844837546348572
0.21565808355808258, -0.3476965129375458
0.09204646199941635, -0.3442973792552948
0.012169573456048965, -0.34755387902259827
-0.04028410464525223, -0.3453386723995209
-0.06985034793615341, -0.3440900444984436
-0.16487549245357513, -0.34778353571891785
-0.22514481842517853, -0.3465529680252075
-0.37348684668540955, -0.3596925139427185
-0.6896070241928101, -0.3883498013019562
-0.7935182452201843, -0.34479209780693054
-0.8451634645462036, -0.34536758065223694
-0.9021391272544861, -0.3478306233882904
-1.0478556156158447, -0.34522467851638794
-1.193971037864685, -0.33108681440353394
-1.206408977508545, -0.27257081866264343
0.5279876589775085, 0.4916868507862091
0.5287353992462158, 0.5511419773101807
0.5528922080993652, 0.6467198133468628
0.6577144265174866, 0.6522166132926941
0.7471832633018494, 0.643879234790802
0.845917284488678, 0.6300682425498962
0.8471889495849609, 0.5527296662330627
0.8483520746231079, 0.2390470653772354
0.8468009233474731, -0.0072055091150105
0.8458713889122009, -0.15336215496063232
0.5280042886734009, 0.2112368494272232
-0.04028410464525223, -0.3453386723995209
-0.0157979317009449, 0.15092062950134277
0.5280042886734009, 0.2112368494272232
0.8458713889122009, -0.15336215496063232
0.8477965593338013, -0.21078406274318695
0.7850506901741028, -0.34580013155937195
0.5162301063537598, -0.3900936245918274
0.4120537042617798, -0.4050448536872864
-1.2014846801757812, -0.29573771357536316
-0.8960328102111816, 0.2463870495557785
-0.8008970618247986, 0.24436986446380615
-0.43174025416374207, 0.20260749757289886
-0.0157979317009449, 0.15092062950134277
-0.04028410464525223, -0.3453386723995209
-0.6896070241928101, -0.3883498013019562
-1.193971037864685, -0.33108681440353394
-1.206408977508545, -0.27257081866264343
-1.2010283470153809, 0.7439297437667847
-1.0886330604553223, 0.7267641425132751
-1.0279335975646973, 0.7121999263763428
-0.945805013179779, 0.6749188899993896
-0.8960328102111816, 0.2463870495557785
-1.2014846801757812, -0.29573771357536316
