-0.36710891127586365, -0.06367658078670502
-0.07326748967170715, 0.1866002380847931
-0.013652410358190536, 0.22951747477054596
0.043368835002183914, 0.25350871682167053
0.24104732275009155, 0.22982920706272125
0.2471107840538025, 0.1672058254480362
0.2462867945432663, -0.14225982129573822
0.24496307969093323, -0.20744727551937103
-0.4372621476650238, -0.13800571858882904
-0.4372621476650238, -0.13800571858882904
-0.36710891127586365, -0.06367658078670502
-0.07326748967170715, 0.1866002380847931
-0.013652410358190536, 0.22951747477054596
0.043368835002183914, 0.25350871682167053
0.24104732275009155, 0.22982920706272125
0.2471107840538025, 0.1672058254480362
0.2462867945432663, -0.14225982129573822
0.24496307969093323, -0.20744727551937103
