-0.1378881335258484, 0.1521194726228714
-0.11958881467580795, 0.21280665695667267
-0.07914865761995316, 0.2540638744831085
-0.021651657298207283, 0.2545245587825775
0.10379521548748016, 0.2503180205821991
0.13990306854248047, 0.13169580698013306
0.14263416826725006, -0.005223216488957405
0.13843666017055511, -0.1872108280658722
0.09924234449863434, -0.22245760262012482
-0.05578380823135376, -0.2241670787334442
-0.13857056200504303, -0.22254616022109985
-0.1411343216896057, -0.16634881496429443
-0.1405785232782364, -0.026339557021856308
-0.1411343216896057, -0.16634881496429443
-0.1405785232782364, -0.026339557021856308
-0.1378881335258484, 0.1521194726228714
-0.11958881467580795, 0.21280665695667267
-0.07914865761995316, 0.2540638744831085
-0.021651657298207283, 0.2545245587825775
0.10379521548748016, 0.2503180205821991
0.13990306854248047, 0.13169580698013306
0.14263416826725006, -0.005223216488957405
0.13843666017055511, -0.1872108280658722
0.09924234449863434, -0.22245760262012482
-0.05578380823135376, -0.2241670787334442
-0.13857056200504303, -0.22254616022109985
