-0.03332975506782532, 0.22193624079227448
0.0635293573141098, 0.21965941786766052
0.06148235872387886, -0.21744640171527863
0.0037154771853238344, -0.25580283999443054
-0.07910531014204025, -0.27142271399497986
-0.09587611258029938, 0.21972675621509552
-0.09587611258029938, 0.21972675621509552
-0.03332975506782532, 0.22193624079227448
0.0635293573141098, 0.21965941786766052
0.06148235872387886, -0.21744640171527863
0.0037154771853238344, -0.25580283999443054
-0.07910531014204025, -0.27142271399497986
