-3.4467079639434814, -0.3352358639240265
-3.4530789852142334, -0.19009295105934143
-3.449294328689575, 0.16058124601840973
-3.4457476139068604, 0.25165486335754395
-3.42695689201355, 0.3115953505039215
-3.3728067874908447, 0.31644681096076965
-3.3541054725646973, 0.31818270683288574
-3.3237199783325195, 0.32106009125709534
-3.2921957969665527, 0.324074923992157
-3.268415927886963, 0.32646456360816956
-3.25052809715271, 0.32826805114746094
-3.173304557800293, 0.33653175830841064
-3.147915840148926, 0.33941784501075745
-3.10610294342041, 0.344328910112381
-3.0926804542541504, 0.3459834158420563
-3.0669777393341064, 0.3492158353328705
-3.056084394454956, 0.3506362736225128
-2.9912357330322266, 0.37070348858833313
-2.9724178314208984, 0.3814200162887573
-2.948977470397949, 0.39623570442199707
-2.940317153930664, 0.40213754773139954
-2.930093765258789, 0.4096362590789795
-2.916471481323242, 0.4204351007938385
-2.905344009399414, 0.43023714423179626
-2.896012306213379, 0.4393191337585449
-2.8870315551757812, 0.4491059184074402
-2.877791404724121, 0.46052536368370056
-2.8691282272338867, 0.47354719042778015
-2.86165714263916, 0.4874149262905121
-2.8560991287231445, 0.5729972720146179
-2.8600473403930664, 0.5848217606544495
-2.864813804626465, 0.5956426858901978
-2.875049591064453, 0.6145045757293701
-2.8889074325561523, 0.634874165058136
-2.8981666564941406, 0.6467055082321167
-2.9067535400390625, 0.6566309928894043
-2.9684524536132812, 0.7011100649833679
-3.0450775623321533, 0.7624551653862
-3.056725263595581, 0.7663847208023071
-3.1018025875091553, 0.7815158367156982
-3.132028818130493, 0.7914464473724365
-3.1633248329162598, 0.801630973815918
-3.190394163131714, 0.8102743029594421
-3.234466314315796, 0.8242173790931702
-3.2911152839660645, 0.841794490814209
-3.368847370147705, 0.9262050986289978
-3.353332042694092, 0.9748237729072571
-3.273733139038086, 0.9933445453643799
-3.2318525314331055, 1.0691611766815186
-3.1428794860839844, 1.0434759855270386
-3.0922374725341797, 1.101910948753357
-3.0915956497192383, 1.2009979486465454
-3.05224609375, 1.3456398248672485
-3.0799295902252197, 1.4113143682479858
-3.053806781768799, 1.4606096744537354
-3.112264394760132, 1.5087330341339111
-3.069427728652954, 1.5779054164886475
-3.0132267475128174, 1.5835493803024292
-2.9577860832214355, 1.5855649709701538
-2.883976459503174, 1.5805026292800903
-2.673733711242676, 1.5604029893875122
-2.580606460571289, 1.5661405324935913
-2.513413429260254, 1.5828229188919067
-2.455746650695801, 1.5786478519439697
-2.360210418701172, 1.5786572694778442
-2.189145803451538, 1.5603548288345337
-2.0777220726013184, 1.5678178071975708
-2.0573956966400146, 1.4900585412979126
-2.0480527877807617, 1.4166247844696045
-2.0339415073394775, 1.3632735013961792
-2.0523786544799805, 1.2797638177871704
-2.051211357116699, 1.231772780418396
-2.0486502647399902, 1.1304930448532104
-2.0500829219818115, 0.9382700324058533
-2.0335605144500732, 0.8691796064376831
-2.0504016876220703, 0.8073304295539856
-2.08850359916687, 0.6965532302856445
-2.0632944107055664, 0.6189433336257935
-2.0830867290496826, 0.5352568030357361
-2.137505531311035, 0.47605976462364197
-2.1378889083862305, 0.4515994191169739
-2.0976762771606445, 0.40031954646110535
-2.0679564476013184, 0.3624204993247986
-2.0698509216308594, 0.2956705689430237
-2.0472958087921143, 0.19840137660503387
-2.071800947189331, 0.14824378490447998
-2.049253225326538, 0.047406770288944244
-2.05049204826355, -0.00963867362588644
-2.0505259037017822, -0.06646475940942764
-2.0293197631835938, -0.12774230539798737
-1.9898334741592407, -0.16982223093509674
-1.9309728145599365, -0.17782065272331238
-1.863756775856018, -0.18263965845108032
-1.80913245677948, -0.18771082162857056
-1.7478617429733276, -0.16781681776046753
-1.6247214078903198, -0.16582569479942322
-1.5485317707061768, -0.18656297028064728
-1.553126335144043, -0.3500770926475525
-1.5518089532852173, -0.4050980508327484
-1.5277968645095825, -0.45273008942604065
-1.5325093269348145, -0.5080984830856323
-1.5467787981033325, -0.6027823686599731
-1.521403431892395, -0.6599298119544983
-1.4481315612792969, -0.6655644178390503
-1.3753235340118408, -0.6674247980117798
-1.3161262273788452, -0.6784988641738892
-1.2521053552627563, -0.6655285954475403
-1.1927448511123657, -0.6882136464118958
-1.099307656288147, -0.6763405203819275
-1.0508763790130615, -0.6656310558319092
-1.0117002725601196, -0.6345927715301514
-1.0109095573425293, -0.5728145241737366
-1.0140318870544434, -0.4646725356578827
-1.0119760036468506, -0.3488693833351135
-1.0122485160827637, -0.2982149124145508
-1.0106958150863647, -0.22653646767139435
-1.0172024965286255, -0.1660132259130478
-0.9509156346321106, -0.16835662722587585
-0.8188810348510742, -0.17091518640518188
-0.695550799369812, -0.16564252972602844
-0.5630368590354919, -0.17087556421756744
-0.5464091300964355, -0.22667831182479858
-0.5351192355155945, -0.3736158311367035
-0.533845067024231, -0.4582533538341522
-0.5310394763946533, -0.5253744721412659
-0.5270750522613525, -0.590937614440918
-0.5250455141067505, -0.6089758276939392
-0.4544451832771301, -0.6656515002250671
-0.42923909425735474, -0.6694660782814026
-0.385647177696228, -0.6728137731552124
-0.3192026615142822, -0.6663829684257507
-0.2567436695098877, -0.672767162322998
-0.17064985632896423, -0.6689562201499939
-0.0906384065747261, -0.6677375435829163
-0.013643639162182808, -0.6073005795478821
-0.012528499588370323, -0.5677506923675537
-0.010993978008627892, -0.5075173377990723
-0.011301261372864246, -0.48503604531288147
-0.01425752229988575, -0.4308019280433655
-0.008889877237379551, -0.17078128457069397
0.06354593485593796, -0.16903389990329742
0.12984387576580048, -0.16613543033599854
0.24201641976833344, -0.16927267611026764
0.38956519961357117, -0.16878724098205566
0.40634918212890625, -0.16619238257408142
0.48161494731903076, -0.12093540281057358
0.4848743975162506, -0.08903951197862625
0.4868992269039154, -0.06560272723436356
0.48029062151908875, 0.11940708756446838
0.4826175570487976, 0.21475045382976532
0.48618534207344055, 0.2936900556087494
0.48005467653274536, 0.4453754723072052
0.4828590452671051, 0.5274773836135864
0.4839111864566803, 0.7535442113876343
0.48181432485580444, 0.8895351886749268
0.4860924780368805, 1.1169929504394531
0.4806780219078064, 1.1973023414611816
0.4844247102737427, 1.4431875944137573
0.4848353862762451, 1.495773196220398
0.4920406937599182, 1.5801031589508057
0.5870886445045471, 1.5785541534423828
0.6507049202919006, 1.5739738941192627
0.6870136857032776, 1.5732402801513672
0.7065315842628479, 1.5735384225845337
0.827945351600647, 1.5779064893722534
0.9083080887794495, 1.574076533317566
0.9825112223625183, 1.5749471187591553
1.0513406991958618, 1.577138066291809
1.2447375059127808, 1.5679616928100586
1.3579407930374146, 1.5504908561706543
1.4361788034439087, 1.5813064575195312
1.5300610065460205, 1.5815972089767456
1.6077802181243896, 1.5515562295913696
1.6089531183242798, 1.4576834440231323
1.6080495119094849, 1.375123143196106
1.5896304845809937, 1.293373703956604
1.5852471590042114, 1.1812139749526978
1.5705784559249878, 1.1134141683578491
1.5710012912750244, 1.053591251373291
1.564977765083313, 0.9742695689201355
1.550858736038208, 0.9118218421936035
1.5490373373031616, 0.8735318183898926
1.54844069480896, 0.7708531618118286
1.528939962387085, 0.6748074889183044
1.5083417892456055, 0.5148100852966309
1.5056970119476318, 0.394015371799469
1.4891300201416016, 0.31431257724761963
1.485990285873413, 0.19352447986602783
1.4753774404525757, 0.11243003606796265
1.4663996696472168, -0.0072120120748877525
1.4567227363586426, -0.0863676518201828
1.4376773834228516, -0.2482297420501709
1.4250315427780151, -0.4061751961708069
1.4128655195236206, -0.46725067496299744
1.4065316915512085, -0.5859267711639404
1.3926604986190796, -0.6668030619621277
1.3880038261413574, -0.7626461386680603
1.3714979887008667, -0.8817681670188904
1.3663114309310913, -0.995111882686615
1.350115180015564, -1.0929062366485596
1.3459261655807495, -1.1914191246032715
1.3302940130233765, -1.246086835861206
1.3313277959823608, -1.2990037202835083
1.325964331626892, -1.3835246562957764
1.2505072355270386, -1.4026761054992676
1.1898854970932007, -1.405328631401062
1.1366738080978394, -1.4010037183761597
1.0572932958602905, -1.4158730506896973
1.0067399740219116, -1.4137458801269531
0.949819028377533, -1.408411979675293
0.9142183661460876, -1.4051415920257568
0.7231177091598511, -1.4161489009857178
0.48631852865219116, -1.3838953971862793
0.48694470524787903, -1.3247507810592651
0.48314568400382996, -1.2339568138122559
0.48642346262931824, -1.1546839475631714
0.4871620237827301, -1.0814144611358643
0.4864653944969177, -1.0468376874923706
0.48493820428848267, -1.0193326473236084
0.48109760880470276, -0.9600690007209778
0.4892430007457733, -0.8648406863212585
0.48855534195899963, -0.7434250116348267
0.4388604164123535, -0.6641674637794495
0.3921350836753845, -0.659949004650116
0.3524700999259949, -0.6597500443458557
0.22654779255390167, -0.6642857789993286
0.10573948174715042, -0.6601332426071167
0.028542857617139816, -0.6633991599082947
-0.03075147233903408, -0.7336258888244629
-0.03306898847222328, -0.7473722100257874
-0.03098227083683014, -0.8056544065475464
-0.030969008803367615, -0.8999335765838623
-0.02455160953104496, -0.953339695930481
-0.028707019984722137, -1.006666660308838
-0.031179672107100487, -1.0491836071014404
-0.03096231073141098, -1.0647597312927246
-0.02873355522751808, -1.143006443977356
-0.1502109318971634, -1.1433643102645874
-0.18746893107891083, -1.1442071199417114
-0.2708145081996918, -1.1627414226531982
-0.37694796919822693, -1.1580605506896973
-0.3939681053161621, -1.1582077741622925
-0.5098938941955566, -1.1624809503555298
-0.5162760019302368, -1.0994572639465332
-0.5186715722084045, -1.01714026927948
-0.5097767114639282, -0.8808753490447998
-0.5081304311752319, -0.8061407804489136
-0.507695734500885, -0.7656123638153076
-0.5138030052185059, -0.7221736311912537
-0.5555367469787598, -0.6615074276924133
-0.6182217597961426, -0.6579198837280273
-0.8297170400619507, -0.6624863147735596
-0.8807358145713806, -0.6596755385398865
-0.9477792382240295, -0.6638909578323364
-1.0219725370407104, -0.6829465627670288
-1.0456814765930176, -0.7124127149581909
-1.0493054389953613, -0.8980447053909302
-1.0343800783157349, -1.0056349039077759
-1.030166745185852, -1.0574191808700562
-1.0500088930130005, -1.1292357444763184
-1.1505846977233887, -1.159537434577942
-1.2598546743392944, -1.1570690870285034
-1.3319544792175293, -1.1470392942428589
-1.4114279747009277, -1.1390236616134644
-1.4579977989196777, -1.1636005640029907
-1.504761815071106, -1.118888258934021
-1.520266056060791, -1.0570366382598877
-1.517735481262207, -0.9874517917633057
-1.5188170671463013, -0.9192071557044983
-1.5134634971618652, -0.8649839758872986
-1.5057379007339478, -0.7075313329696655
-1.583183765411377, -0.6515470147132874
-1.654012680053711, -0.6610739827156067
-1.7812601327896118, -0.653218150138855
-1.8636713027954102, -0.6650298237800598
-1.9991651773452759, -0.6536377668380737
-2.021158456802368, -0.7132676839828491
-2.0477614402770996, -0.76749187707901
-2.0512173175811768, -0.8462363481521606
-2.076153039932251, -0.8938329815864563
-2.068438768386841, -0.9875693917274475
-2.045776844024658, -1.0554978847503662
-2.0499320030212402, -1.1345785856246948
-2.050841808319092, -1.2128881216049194
-2.0480360984802246, -1.2701213359832764
-2.0537500381469727, -1.3323397636413574
-2.0476179122924805, -1.3887600898742676
-2.1290125846862793, -1.4079318046569824
-2.242276668548584, -1.4005213975906372
-2.371391773223877, -1.418084740638733
-2.440746307373047, -1.407224178314209
-2.5100576877593994, -1.4159480333328247
-2.6776022911071777, -1.3996201753616333
-2.8324785232543945, -1.39552640914917
-2.8837103843688965, -1.3926618099212646
-2.9773809909820557, -1.3828020095825195
-3.088501453399658, -1.3754342794418335
-3.0867953300476074, -1.3033863306045532
-3.0534698963165283, -1.2227709293365479
-3.1216137409210205, -1.1725248098373413
-3.1758317947387695, -1.1642355918884277
-3.115349769592285, -1.0987982749938965
-3.075627088546753, -1.0411207675933838
-3.110997200012207, -0.9800620675086975
-3.053974151611328, -0.8946000337600708
-3.0574986934661865, -0.7544816136360168
-3.080634117126465, -0.6636702418327332
-3.016552209854126, -0.6033080220222473
-2.9943485260009766, -0.5501766800880432
-2.9905519485473633, -0.5253039598464966
-3.068688154220581, -0.46553781628608704
-3.08429217338562, -0.3934117555618286
-3.1282496452331543, -0.37445977330207825
-3.194737434387207, -0.4335145950317383
-3.234609842300415, -0.5189126133918762
-3.29036021232605, -0.4748386740684509
-3.30106782913208, -0.39858734607696533
-3.2926533222198486, -0.31589847803115845
-3.299349308013916, -0.2873128652572632
-3.341965913772583, -0.2068261206150055
-3.3899178504943848, -0.2119636833667755
-3.408687114715576, -0.30053314566612244
-3.112264394760132, 1.5087330341339111
-3.069427728652954, 1.5779054164886475
-3.0132267475128174, 1.5835493803024292
-2.9577860832214355, 1.5855649709701538
-2.513413429260254, 1.5828229188919067
-2.360210418701172, 1.5786572694778442
-2.159374475479126, 1.5623489618301392
-2.6894052028656006, 0.9200264811515808
-3.0922374725341797, 1.101910948753357
-3.368847370147705, 0.9262050986289978
-3.353332042694092, 0.9748237729072571
-3.2318525314331055, 1.0691611766815186
-3.0922374725341797, 1.101910948753357
-2.6894052028656006, 0.9200264811515808
-2.9067535400390625, 0.6566309928894043
-3.2911152839660645, 0.841794490814209
-2.9067535400390625, 0.6566309928894043
-2.159374475479126, 1.5623489618301392
-2.0777220726013184, 1.5678178071975708
-2.0573956966400146, 1.4900585412979126
-2.0339415073394775, 1.3632735013961792
-2.0335605144500732, 0.8691796064376831
-2.0632944107055664, 0.6189433336257935
-2.0976762771606445, 0.40031954646110535
-2.86165714263916, 0.4874149262905121
0.48005467653274536, 0.4453754723072052
0.4806780219078064, 1.1973023414611816
0.4848353862762451, 1.495773196220398
0.4920406937599182, 1.5801031589508057
1.5300610065460205, 1.5815972089767456
1.6077802181243896, 1.5515562295913696
1.6089531183242798, 1.4576834440231323
1.6080495119094849, 1.375123143196106
1.54844069480896, 0.7708531618118286
1.4262312650680542, -0.3911914825439453
0.48161494731903076, -0.12093540281057358
0.48029062151908875, 0.11940708756446838
-0.0906384065747261, -0.6677375435829163
-0.05539742112159729, -0.4535045921802521
0.028542857617139816, -0.6633991599082947
-0.030975742265582085, -0.8520626425743103
-0.05539742112159729, -0.4535045921802521
-0.008889877237379551, -0.17078128457069397
0.48161494731903076, -0.12093540281057358
0.8801376223564148, -0.23495331406593323
0.4388604164123535, -0.6641674637794495
0.22654779255390167, -0.6642857789993286
0.028542857617139816, -0.6633991599082947
0.4388604164123535, -0.6641674637794495
0.8801376223564148, -0.23495331406593323
1.4262312650680542, -0.3911914825439453
1.4250315427780151, -0.4061751961708069
1.3663114309310913, -0.995111882686615
1.3459261655807495, -1.1914191246032715
1.325964331626892, -1.3835246562957764
1.2505072355270386, -1.4026761054992676
1.0572932958602905, -1.4158730506896973
0.7231177091598511, -1.4161489009857178
0.48631852865219116, -1.3838953971862793
-3.4530789852142334, -0.19009295105934143
-3.449294328689575, 0.16058124601840973
-3.4457476139068604, 0.25165486335754395
-3.42695689201355, 0.3115953505039215
-3.109436511993408, 0.34393736720085144
-3.117269515991211, 0.04482179135084152
-3.408687114715576, -0.30053314566612244
-3.4467079639434814, -0.3352358639240265
-3.341965913772583, -0.2068261206150055
-3.117269515991211, 0.04482179135084152
-3.1282496452331543, -0.37445977330207825
-3.234609842300415, -0.5189126133918762
-3.29036021232605, -0.4748386740684509
-3.1282496452331543, -0.37445977330207825
-3.109436511993408, 0.34393736720085144
-2.86165714263916, 0.4874149262905121
-2.1326117515563965, 0.40430229902267456
-2.053955554962158, -0.21927064657211304
-2.9905519485473633, -0.5253039598464966
-3.068688154220581, -0.46553781628608704
-3.1758317947387695, -1.1642355918884277
-3.080634117126465, -0.6636702418327332
-2.9905519485473633, -0.5253039598464966
-2.053955554962158, -0.21927064657211304
-1.9991651773452759, -0.6536377668380737
-2.0476179122924805, -1.3887600898742676
-2.1290125846862793, -1.4079318046569824
-2.371391773223877, -1.418084740638733
-2.5100576877593994, -1.4159480333328247
-2.8837103843688965, -1.3926618099212646
-3.088501453399658, -1.3754342794418335
-0.5788916349411011, -0.6601707935333252
-0.5250455141067505, -0.6089758276939392
-0.0906384065747261, -0.6677375435829163
-0.030975742265582085, -0.8520626425743103
-0.02455160953104496, -0.953339695930481
-0.02873355522751808, -1.143006443977356
-0.2708145081996918, -1.1627414226531982
-0.5098938941955566, -1.1624809503555298
-1.0172024965286255, -0.1660132259130478
-0.695550799369812, -0.16564252972602844
-0.5630368590354919, -0.17087556421756744
-0.5464091300964355, -0.22667831182479858
-0.5351192355155945, -0.3736158311367035
-0.5250455141067505, -0.6089758276939392
-0.5788916349411011, -0.6601707935333252
-0.9759196043014526, -0.671118438243866
-1.0117002725601196, -0.6345927715301514
-1.0140318870544434, -0.4646725356578827
-1.532043218612671, -0.6885156631469727
-1.521403431892395, -0.6599298119544983
-1.0117002725601196, -0.6345927715301514
-0.9759196043014526, -0.671118438243866
-1.030166745185852, -1.0574191808700562
-1.0500088930130005, -1.1292357444763184
-1.1505846977233887, -1.159537434577942
-1.4579977989196777, -1.1636005640029907
-1.504761815071106, -1.118888258934021
-1.520266056060791, -1.0570366382598877
-2.0616812705993652, -0.1580228954553604
-2.0293197631835938, -0.12774230539798737
-1.6247214078903198, -0.16582569479942322
-1.5485317707061768, -0.18656297028064728
-1.5277968645095825, -0.45273008942604065
-1.521403431892395, -0.6599298119544983
-1.532043218612671, -0.6885156631469727
-1.8636713027954102, -0.6650298237800598
-1.9991651773452759, -0.6536377668380737
-2.1326117515563965, 0.40430229902267456
-2.0976762771606445, 0.40031954646110535
-2.0679564476013184, 0.3624204993247986
-2.0472958087921143, 0.19840137660503387
-2.0293197631835938, -0.12774230539798737
-2.0616812705993652, -0.1580228954553604
