-0.1189088448882103, 0.17015686631202698
0.10118866711854935, 0.18787211179733276
0.16198515892028809, 0.133229061961174
0.16084322333335876, 0.012425252236425877
-0.040429677814245224, -0.24637649953365326
-0.09809108823537827, -0.30454203486442566
-0.11996212601661682, -0.16882754862308502
-0.11996212601661682, -0.16882754862308502
-0.1189088448882103, 0.17015686631202698
0.10118866711854935, 0.18787211179733276
0.16198515892028809, 0.133229061961174
0.16084322333335876, 0.012425252236425877
-0.040429677814245224, -0.24637649953365326
-0.09809108823537827, -0.30454203486442566
