-0.07426436245441437, 0.09818343073129654
0.1955167055130005, -0.02570737898349762
0.1423918753862381, -0.08017465472221375
-0.09390724450349808, -0.08062191307544708
-0.13720305263996124, 0.025248197838664055
-0.13977670669555664, 0.07844080775976181
-0.13977670669555664, 0.07844080775976181
-0.07426436245441437, 0.09818343073129654
0.1955167055130005, -0.02570737898349762
0.1423918753862381, -0.08017465472221375
-0.09390724450349808, -0.08062191307544708
-0.13720305263996124, 0.025248197838664055
