-0.05100414156913757, 0.3657568395137787
0.05398012325167656, 0.27689480781555176
0.05791325867176056, 0.21449479460716248
0.07185309380292892, -0.34168529510498047
-0.04468050226569176, -0.3456226885318756
-0.05433714762330055, -0.276443749666214
-0.054705891758203506, 0.03214287385344505
-0.05465873330831528, 0.21769355237483978
-0.054705891758203506, 0.03214287385344505
-0.05465873330831528, 0.21769355237483978
-0.05100414156913757, 0.3657568395137787
0.05398012325167656, 0.27689480781555176
0.05791325867176056, 0.21449479460716248
0.07185309380292892, -0.34168529510498047
-0.04468050226569176, -0.3456226885318756
-0.05433714762330055, -0.276443749666214
