-0.11065970361232758, 0.08439378440380096
-0.0474398247897625, 0.11071549355983734
0.1808808445930481, 0.09756100177764893
0.22735588252544403, 0.0236358605325222
0.17088082432746887, -0.05010193958878517
0.06260202825069427, -0.09787456691265106
-0.08053188771009445, -0.12222567945718765
-0.15351395308971405, -0.09869033098220825
-0.23221150040626526, -0.017545850947499275
-0.23221150040626526, -0.017545850947499275
-0.11065970361232758, 0.08439378440380096
-0.0474398247897625, 0.11071549355983734
0.1808808445930481, 0.09756100177764893
0.22735588252544403, 0.0236358605325222
0.17088082432746887, -0.05010193958878517
0.06260202825069427, -0.09787456691265106
-0.08053188771009445, -0.12222567945718765
-0.15351395308971405, -0.09869033098220825
