-0.5330473780632019, -0.18239857256412506
-0.5291235446929932, -0.11364983767271042
-0.5130364298820496, -0.04065507650375366
-0.4486772119998932, -0.02675045281648636
-0.37413010001182556, -0.02881341241300106
-0.20018154382705688, -0.02810141257941723
-0.10698306560516357, -0.023144755512475967
-0.030284762382507324, 0.040535178035497665
-0.027602724730968475, 0.11828448623418808
-0.02865689992904663, 0.24564719200134277
-0.016830384731292725, 0.47299376130104065
0.04257473722100258, 0.466640830039978
0.204438254237175, 0.4505883753299713
0.28632012009620667, 0.4762154221534729
0.3720659613609314, 0.4676080048084259
0.4645123779773712, 0.4562549889087677
0.45708513259887695, 0.37028688192367554
0.46431681513786316, 0.29834654927253723
0.46422305703163147, 0.21763019263744354
0.46050122380256653, 0.09592358767986298
0.4619065821170807, 0.03414873033761978
0.4472063183784485, -0.022327540442347527
0.36490651965141296, -0.019936751574277878
0.18434105813503265, -0.020592551678419113
0.12655390799045563, -0.017684517428278923
0.08031271398067474, -0.017951171845197678
0.03263932839035988, -0.020252099260687828
0.02628791518509388, -0.020558645948767662
-0.03552673012018204, -0.04224186763167381
-0.042418889701366425, -0.1609588861465454
-0.039157554507255554, -0.2757267653942108
-0.03865427151322365, -0.3614329993724823
-0.04621658846735954, -0.43569234013557434
-0.06308998912572861, -0.5188245177268982
-0.13232816755771637, -0.5197004079818726
-0.18922363221645355, -0.522075355052948
-0.2831784188747406, -0.5220708847045898
-0.509365439414978, -0.5166693329811096
-0.528661847114563, -0.4224601984024048
-0.5305758714675903, -0.3579023778438568
-0.5349962115287781, -0.2712439000606537
-0.030284762382507324, 0.040535178035497665
-0.02865689992904663, 0.24564719200134277
-0.016830384731292725, 0.47299376130104065
0.28632012009620667, 0.4762154221534729
0.3720659613609314, 0.4676080048084259
0.4645123779773712, 0.4562549889087677
0.46422305703163147, 0.21763019263744354
0.4619065821170807, 0.03414873033761978
0.4472063183784485, -0.022327540442347527
0.03263932839035988, -0.020252099260687828
-0.5349962115287781, -0.2712439000606537
-0.5330473780632019, -0.18239857256412506
-0.5291235446929932, -0.11364983767271042
-0.5130364298820496, -0.04065507650375366
-0.4486772119998932, -0.02675045281648636
-0.030284762382507324, 0.040535178035497665
0.03263932839035988, -0.020252099260687828
-0.04621658846735954, -0.43569234013557434
-0.06308998912572861, -0.5188245177268982
-0.18922363221645355, -0.522075355052948
-0.2831784188747406, -0.5220708847045898
-0.509365439414978, -0.5166693329811096
-0.528661847114563, -0.4224601984024048
