-0.2502341568470001, 0.2407360076904297
-0.19702178239822388, 0.2507994472980499
-0.09986472874879837, 0.2514471709728241
0.0829121470451355, 0.2496902048587799
0.17725124955177307, 0.2447621375322342
0.2445187121629715, 0.19380272924900055
0.2432263344526291, -0.24237000942230225
0.1832473874092102, -0.24495239555835724
0.02207537740468979, -0.24626004695892334
-0.03636756166815758, -0.24645741283893585
-0.2515332102775574, -0.24517253041267395
-0.2538660764694214, -0.18906532227993011
-0.2538660764694214, -0.18906532227993011
-0.2502341568470001, 0.2407360076904297
-0.19702178239822388, 0.2507994472980499
-0.09986472874879837, 0.2514471709728241
0.0829121470451355, 0.2496902048587799
0.17725124955177307, 0.2447621375322342
0.2445187121629715, 0.19380272924900055
0.2432263344526291, -0.24237000942230225
0.1832473874092102, -0.24495239555835724
0.02207537740468979, -0.24626004695892334
-0.03636756166815758, -0.24645741283893585
-0.2515332102775574, -0.24517253041267395
