-0.08135683089494705, 0.19722740352153778
-0.08243401348590851, 0.22308668494224548
0.00988918635994196, 0.23310942947864532
0.09919410943984985, 0.2357211410999298
0.16510003805160522, 0.2341291755437851
0.20786520838737488, 0.19976381957530975
0.13551674783229828, 0.18860681354999542
0.05673262104392052, 0.1318921595811844
0.04921623691916466, 0.07903517037630081
0.05103273689746857, 0.03882494568824768
0.057547427713871, -0.036853522062301636
0.048575807362794876, -0.12430629134178162
-0.010548188351094723, -0.2618642747402191
-0.07382789999246597, -0.26691022515296936
-0.08361532539129257, -0.20807161927223206
-0.08355037122964859, -0.1398288607597351
-0.08215191215276718, -0.08387307822704315
-0.0827232226729393, -0.006049592513591051
-0.07785776257514954, 0.11322740465402603
-0.08361532539129257, -0.20807161927223206
-0.08355037122964859, -0.1398288607597351
-0.0827232226729393, -0.006049592513591051
-0.08135683089494705, 0.19722740352153778
0.05673262104392052, 0.1318921595811844
0.057547427713871, -0.036853522062301636
0.048575807362794876, -0.12430629134178162
-0.010548188351094723, -0.2618642747402191
-0.07382789999246597, -0.26691022515296936
-0.08243401348590851, 0.22308668494224548
0.00988918635994196, 0.23310942947864532
0.09919410943984985, 0.2357211410999298
0.16510003805160522, 0.2341291755437851
0.20786520838737488, 0.19976381957530975
0.05673262104392052, 0.1318921595811844
-0.08135683089494705, 0.19722740352153778
