-0.12907075881958008, 0.9585577845573425
-0.12824814021587372, 1.0477299690246582
-0.053461309522390366, 1.041453242301941
-0.027837786823511124, 0.9035917520523071
-0.02765570767223835, 0.5129032731056213
-0.02718876115977764, 0.4506278932094574
0.04353684186935425, 0.3972073793411255
0.061534710228443146, 0.39953550696372986
0.11407759040594101, 0.40959832072257996
0.16675032675266266, 0.4097413420677185
0.1717468798160553, 0.3157118856906891
0.17101822793483734, 0.11906815320253372
0.1666516363620758, 0.05819780379533768
0.17317958176136017, -0.14159302413463593
0.16513992846012115, -0.19921404123306274
0.16555123031139374, -0.28383857011795044
0.17186473309993744, -0.42842113971710205
0.1650160849094391, -0.49844807386398315
0.1719689965248108, -0.5606866478919983
0.17071957886219025, -0.6954570412635803
0.03319451957941055, -0.697590708732605
-0.03053949400782585, -0.7002753019332886
-0.12088346481323242, -0.6602436304092407
-0.12817265093326569, -0.5951319336891174
-0.12841440737247467, -0.3260727524757385
-0.12473945319652557, -0.2540406584739685
-0.12402566522359848, -0.16036954522132874
-0.11977861076593399, -0.060548096895217896
-0.12468737363815308, 0.09636589884757996
-0.12859340012073517, 0.17600713670253754
-0.12871341407299042, 0.2586554288864136
-0.12219393253326416, 0.3147714138031006
-0.12866944074630737, 0.4152522087097168
-0.12906497716903687, 0.42138975858688354
-0.12521035969257355, 0.4722725749015808
-0.12660561501979828, 0.5632789731025696
-0.11822399497032166, 0.6191954016685486
-0.12888360023498535, 0.6842995882034302
-0.12828508019447327, 0.7816945314407349
-0.12833751738071442, 0.850387692451477
-0.11774632334709167, 0.9027351140975952
-0.12871341407299042, 0.2586554288864136
-0.12866944074630737, 0.4152522087097168
-0.02718876115977764, 0.4506278932094574
0.16675032675266266, 0.4097413420677185
0.1717468798160553, 0.3157118856906891
0.17317958176136017, -0.14159302413463593
0.1719689965248108, -0.5606866478919983
0.17071957886219025, -0.6954570412635803
-0.03053949400782585, -0.7002753019332886
-0.12088346481323242, -0.6602436304092407
-0.12817265093326569, -0.5951319336891174
-0.12841440737247467, -0.3260727524757385
-0.12907075881958008, 0.9585577845573425
-0.12824814021587372, 1.0477299690246582
-0.053461309522390366, 1.041453242301941
-0.027837786823511124, 0.9035917520523071
-0.02718876115977764, 0.4506278932094574
-0.12866944074630737, 0.4152522087097168
-0.12906497716903687, 0.42138975858688354
