-0.12131015956401825, 0.23086495697498322
-0.10296465456485748, 0.2826085388660431
-0.061012234538793564, 0.23898924887180328
0.12124157696962357, 0.041575003415346146
0.16569463908672333, -0.01238053385168314
0.17583923041820526, -0.0942193940281868
0.16848531365394592, -0.15006910264492035
0.12573063373565674, -0.18459223210811615
0.03978424891829491, -0.18865332007408142
-0.09794416278600693, -0.18563483655452728
-0.12315388768911362, -0.014148878864943981
-0.12332995980978012, 0.07302538305521011
-0.12332995980978012, 0.07302538305521011
-0.12131015956401825, 0.23086495697498322
-0.10296465456485748, 0.2826085388660431
-0.061012234538793564, 0.23898924887180328
0.12124157696962357, 0.041575003415346146
0.16569463908672333, -0.01238053385168314
0.17583923041820526, -0.0942193940281868
0.16848531365394592, -0.15006910264492035
0.12573063373565674, -0.18459223210811615
0.03978424891829491, -0.18865332007408142
-0.09794416278600693, -0.18563483655452728
-0.12315388768911362, -0.014148878864943981
