-0.1864214986562729, 0.11147818714380264
-0.08553071320056915, 0.13449540734291077
0.23496919870376587, 0.07374764233827591
0.23482339084148407, -0.023123400285840034
0.17191727459430695, -0.0861048474907875
0.11576029658317566, -0.12244568020105362
0.03544074296951294, -0.14570870995521545
-0.16765481233596802, -0.11754395067691803
-0.225519061088562, -0.06530812382698059
-0.24415504932403564, 0.07440055161714554
-0.24415504932403564, 0.07440055161714554
-0.1864214986562729, 0.11147818714380264
-0.08553071320056915, 0.13449540734291077
0.23496919870376587, 0.07374764233827591
0.23482339084148407, -0.023123400285840034
0.17191727459430695, -0.0861048474907875
0.11576029658317566, -0.12244568020105362
0.03544074296951294, -0.14570870995521545
-0.16765481233596802, -0.11754395067691803
-0.225519061088562, -0.06530812382698059
