-0.1542516052722931, 0.11720534414052963
-0.08298797905445099, 0.11837968230247498
0.06902662664651871, 0.11782277375459671
0.2101145088672638, 0.07102008163928986
0.21027839183807373, -0.07712683826684952
0.14355406165122986, -0.12791021168231964
-0.18133869767189026, -0.12712104618549347
-0.23221707344055176, -0.09333275258541107
-0.23752637207508087, 0.02494364231824875
-0.23752637207508087, 0.02494364231824875
-0.1542516052722931, 0.11720534414052963
-0.08298797905445099, 0.11837968230247498
0.06902662664651871, 0.11782277375459671
0.2101145088672638, 0.07102008163928986
0.21027839183807373, -0.07712683826684952
0.14355406165122986, -0.12791021168231964
-0.18133869767189026, -0.12712104618549347
-0.23221707344055176, -0.09333275258541107
