-0.16054385900497437, 0.037324484437704086
-0.15398065745830536, 0.13506296277046204
-0.039519235491752625, 0.13067974150180817
0.1602197140455246, -0.010116861201822758
0.20516936480998993, -0.04923713952302933
0.19029709696769714, -0.1062217578291893
-0.06726188957691193, -0.106900654733181
-0.15197771787643433, -0.08821972459554672
-0.16054385900497437, 0.037324484437704086
-0.15398065745830536, 0.13506296277046204
-0.039519235491752625, 0.13067974150180817
0.1602197140455246, -0.010116861201822758
0.20516936480998993, -0.04923713952302933
0.19029709696769714, -0.1062217578291893
-0.06726188957691193, -0.106900654733181
-0.15197771787643433, -0.08821972459554672
