-0.07810305058956146, 0.1485598087310791
-0.06454868614673615, 0.2527141273021698
-0.013785191811621189, 0.20829904079437256
0.040161751210689545, 0.14827539026737213
0.0853106826543808, 0.08160021156072617
0.09483327716588974, -0.046088919043540955
0.09031296521425247, -0.21741579473018646
-0.06990934908390045, -0.2139313668012619
-0.07871511578559875, -0.006903552915900946
-0.07871511578559875, -0.006903552915900946
-0.07810305058956146, 0.1485598087310791
-0.06454868614673615, 0.2527141273021698
-0.013785191811621189, 0.20829904079437256
0.040161751210689545, 0.14827539026737213
0.0853106826543808, 0.08160021156072617
0.09483327716588974, -0.046088919043540955
0.09031296521425247, -0.21741579473018646
-0.06990934908390045, -0.2139313668012619
