-0.11743488162755966, 0.2249428927898407
0.1644280105829239, 0.2294190526008606
0.15428343415260315, 0.14918187260627747
0.10120811313390732, -0.2674191892147064
-0.03409207612276077, -0.2675868272781372
-0.09485434740781784, -0.2668828070163727
-0.1176009252667427, -0.17420773208141327
-0.1176009252667427, -0.17420773208141327
-0.11743488162755966, 0.2249428927898407
0.1644280105829239, 0.2294190526008606
0.15428343415260315, 0.14918187260627747
0.10120811313390732, -0.2674191892147064
-0.03409207612276077, -0.2675868272781372
-0.09485434740781784, -0.2668828070163727
