-0.289970338344574, -0.00359297264367342
-0.15159493684768677, 0.1116756871342659
-0.04619491100311279, 0.19631752371788025
0.007291007321327925, 0.1934468299150467
0.07831113040447235, 0.1881520301103592
0.12989920377731323, 0.18313032388687134
0.1846596598625183, 0.17547637224197388
0.24556463956832886, 0.12420124560594559
0.2470046728849411, -0.06449918448925018
0.2374797910451889, -0.1604398787021637
-0.37811559438705444, -0.09839177131652832
-0.37811559438705444, -0.09839177131652832
-0.289970338344574, -0.00359297264367342
-0.15159493684768677, 0.1116756871342659
-0.04619491100311279, 0.19631752371788025
0.007291007321327925, 0.1934468299150467
0.07831113040447235, 0.1881520301103592
0.12989920377731323, 0.18313032388687134
0.1846596598625183, 0.17547637224197388
0.24556463956832886, 0.12420124560594559
0.2470046728849411, -0.06449918448925018
0.2374797910451889, -0.1604398787021637
