-0.18687404692173004, 0.07125908881425858
-0.1443050652742386, 0.10835333913564682
0.1643940806388855, 0.1047639548778534
0.20308002829551697, 0.059900589287281036
0.19811609387397766, -0.08574680984020233
0.1434679925441742, -0.1240294799208641
-0.21051162481307983, -0.10590819269418716
-0.21405649185180664, -0.017509840428829193
-0.21405649185180664, -0.017509840428829193
-0.18687404692173004, 0.07125908881425858
-0.1443050652742386, 0.10835333913564682
0.1643940806388855, 0.1047639548778534
0.20308002829551697, 0.059900589287281036
0.19811609387397766, -0.08574680984020233
0.1434679925441742, -0.1240294799208641
-0.21051162481307983, -0.10590819269418716
