-0.5228023529052734, -0.10922566801309586
-0.5088083744049072, -0.03399228677153587
-0.3968077003955841, -0.02086017280817032
-0.2344137281179428, -0.024013500660657883
-0.104515440762043, -0.0315869078040123
-0.02270742878317833, 0.010291357524693012
-0.02761635184288025, 0.1134038195014
-0.028452696278691292, 0.19292455911636353
-0.024593913927674294, 0.2820127010345459
-0.022339535877108574, 0.37253686785697937
-0.01187861803919077, 0.4785929024219513
0.0475265309214592, 0.4722399115562439
0.07090049237012863, 0.4705542325973511
0.1624564677476883, 0.4774310886859894
0.23174802958965302, 0.47645631432533264
0.3846065104007721, 0.47006046772003174
0.4694444239139557, 0.4605317711830139
0.44883278012275696, 0.3803049623966217
0.46946778893470764, 0.30455318093299866
0.4690132737159729, 0.22412614524364471
0.4662192463874817, 0.11991239339113235
0.467175155878067, 0.037523820996284485
0.4536685645580292, -0.016638481989502907
0.16125254333019257, -0.011067717336118221
0.08869323134422302, -0.015399373136460781
0.03079226426780224, -0.015246434137225151
0.010919964872300625, -0.022308986634016037
-0.03064882382750511, -0.03708240017294884
-0.03221571817994118, -0.3563407361507416
-0.03833058848977089, -0.4971691071987152
-0.10826795548200607, -0.5115389823913574
-0.17588375508785248, -0.5124847292900085
-0.2056736946105957, -0.5131555795669556
-0.2867806851863861, -0.516487717628479
-0.37286192178726196, -0.512702226638794
-0.503960371017456, -0.5110254883766174
-0.5239713191986084, -0.41619884967803955
-0.5283257961273193, -0.30448344349861145
-0.5273085236549377, -0.20561471581459045
-0.028452696278691292, 0.19292455911636353
-0.022339535877108574, 0.37253686785697937
-0.01187861803919077, 0.4785929024219513
0.1624564677476883, 0.4774310886859894
0.23174802958965302, 0.47645631432533264
0.3846065104007721, 0.47006046772003174
0.4694444239139557, 0.4605317711830139
0.46946778893470764, 0.30455318093299866
0.4690132737159729, 0.22412614524364471
0.467175155878067, 0.037523820996284485
0.4536685645580292, -0.016638481989502907
0.010919964872300625, -0.022308986634016037
-0.02270742878317833, 0.010291357524693012
-0.02761635184288025, 0.1134038195014
-0.5283257961273193, -0.30448344349861145
-0.5273085236549377, -0.20561471581459045
-0.5228023529052734, -0.10922566801309586
-0.5088083744049072, -0.03399228677153587
-0.3968077003955841, -0.02086017280817032
-0.02270742878317833, 0.010291357524693012
0.010919964872300625, -0.022308986634016037
-0.03833058848977089, -0.4971691071987152
-0.10826795548200607, -0.5115389823913574
-0.2867806851863861, -0.516487717628479
-0.503960371017456, -0.5110254883766174
-0.5239713191986084, -0.41619884967803955
