-0.19978295266628265, 0.2145732045173645
0.15383374691009521, 0.1798763871192932
0.22660478949546814, 0.13925457000732422
0.23283623158931732, -0.05797344073653221
0.22951824963092804, -0.20101450383663177
-0.1141543760895729, -0.20143018662929535
-0.22137205302715302, -0.18932107090950012
-0.23804061114788055, -0.09317757189273834
-0.23426119983196259, 0.06329204142093658
-0.23804061114788055, -0.09317757189273834
-0.23426119983196259, 0.06329204142093658
-0.19978295266628265, 0.2145732045173645
0.15383374691009521, 0.1798763871192932
0.22660478949546814, 0.13925457000732422
0.23283623158931732, -0.05797344073653221
0.22951824963092804, -0.20101450383663177
-0.1141543760895729, -0.20143018662929535
-0.22137205302715302, -0.18932107090950012
