-0.11156174540519714, 0.26161012053489685
-0.04092966020107269, 0.2043846696615219
0.023239370435476303, 0.1452673375606537
0.1757381409406662, -0.021150600165128708
0.1755298227071762, -0.09734556823968887
0.16862395405769348, -0.18060918152332306
0.10991150885820389, -0.19286486506462097
-0.1157589852809906, -0.19275981187820435
-0.12291967123746872, -0.01633622497320175
-0.1248883455991745, 0.16470912098884583
-0.1248883455991745, 0.16470912098884583
-0.11156174540519714, 0.26161012053489685
-0.04092966020107269, 0.2043846696615219
0.023239370435476303, 0.1452673375606537
0.1757381409406662, -0.021150600165128708
0.1755298227071762, -0.09734556823968887
0.16862395405769348, -0.18060918152332306
0.10991150885820389, -0.19286486506462097
-0.1157589852809906, -0.19275981187820435
-0.12291967123746872, -0.01633622497320175
