-0.2529241144657135, 0.0806536078453064
-0.2255193591117859, 0.15346328914165497
0.053500059992074966, 0.12996283173561096
0.21524502336978912, 0.10673516988754272
0.23592743277549744, 0.031036583706736565
0.2343214452266693, -0.06384949386119843
0.2168501764535904, -0.15104526281356812
-0.24405594170093536, -0.16055357456207275
-0.2529241144657135, 0.0806536078453064
-0.2255193591117859, 0.15346328914165497
0.053500059992074966, 0.12996283173561096
0.21524502336978912, 0.10673516988754272
0.23592743277549744, 0.031036583706736565
0.2343214452266693, -0.06384949386119843
0.2168501764535904, -0.15104526281356812
-0.24405594170093536, -0.16055357456207275
