-0.14889109134674072, 0.031945765018463135
-0.1369931399822235, 0.1265304982662201
-0.12057985365390778, 0.1843758076429367
-0.07837004214525223, 0.262897789478302
0.12488269060850143, 0.2587142586708069
0.14577721059322357, 0.17724277079105377
0.15216821432113647, -0.08481369912624359
0.14006297290325165, -0.20144708454608917
0.10048562288284302, -0.23355598747730255
-0.13824191689491272, -0.2328796088695526
-0.14858655631542206, -0.04966850206255913
-0.14889109134674072, 0.031945765018463135
-0.1369931399822235, 0.1265304982662201
-0.12057985365390778, 0.1843758076429367
-0.07837004214525223, 0.262897789478302
0.12488269060850143, 0.2587142586708069
0.14577721059322357, 0.17724277079105377
0.15216821432113647, -0.08481369912624359
0.14006297290325165, -0.20144708454608917
0.10048562288284302, -0.23355598747730255
-0.13824191689491272, -0.2328796088695526
-0.14858655631542206, -0.04966850206255913
