-0.14307783544063568, 0.10697292536497116
-0.059322770684957504, 0.09011678397655487
0.16617630422115326, -0.015195416286587715
0.23306900262832642, -0.05156175047159195
0.14083242416381836, -0.07975916564464569
-0.1258929967880249, -0.06558925658464432
-0.16227440536022186, 0.016798794269561768
-0.16227440536022186, 0.016798794269561768
-0.14307783544063568, 0.10697292536497116
-0.059322770684957504, 0.09011678397655487
0.16617630422115326, -0.015195416286587715
0.23306900262832642, -0.05156175047159195
0.14083242416381836, -0.07975916564464569
-0.1258929967880249, -0.06558925658464432
