-0.1018131673336029, 0.09904268383979797
0.06107524037361145, 0.0997689813375473
0.17907021939754486, 0.054644323885440826
0.2660200297832489, 0.016381829977035522
0.15233395993709564, -0.03569365292787552
-0.15815530717372894, -0.12127097696065903
-0.17128898203372955, -0.010005490854382515
-0.17076706886291504, 0.05714259296655655
-0.17128898203372955, -0.010005490854382515
-0.17076706886291504, 0.05714259296655655
-0.1018131673336029, 0.09904268383979797
0.06107524037361145, 0.0997689813375473
0.17907021939754486, 0.054644323885440826
0.2660200297832489, 0.016381829977035522
0.15233395993709564, -0.03569365292787552
-0.15815530717372894, -0.12127097696065903
