-0.5011453032493591, 0.22763149440288544
-0.4034079909324646, 0.2521219849586487
0.13642847537994385, 0.20034575462341309
0.33108440041542053, 0.17923007905483246
0.41417354345321655, 0.1673515886068344
0.465490460395813, 0.06730777025222778
0.4897530972957611, -9.498039726167917E-4
0.49013903737068176, -0.21106180548667908
0.4429365396499634, -0.24981258809566498
-0.5334725975990295, -0.15544196963310242
-0.5611666440963745, 0.16771136224269867
-0.5611666440963745, 0.16771136224269867
-0.5011453032493591, 0.22763149440288544
-0.4034079909324646, 0.2521219849586487
0.13642847537994385, 0.20034575462341309
0.33108440041542053, 0.17923007905483246
0.41417354345321655, 0.1673515886068344
0.465490460395813, 0.06730777025222778
0.4897530972957611, -9.498039726167917E-4
0.49013903737068176, -0.21106180548667908
0.4429365396499634, -0.24981258809566498
-0.5334725975990295, -0.15544196963310242
