-0.09053615480661392, 0.19124621152877808
-0.04449855163693428, 0.22521671652793884
0.06787194311618805, 0.19156475365161896
0.07320724427700043, 0.10390659421682358
0.07237991690635681, -0.05231991782784462
0.06877681612968445, -0.21054784953594208
0.010050185956060886, -0.24743838608264923
-0.0958365797996521, -0.2615196704864502
-0.0958365797996521, -0.2615196704864502
-0.09053615480661392, 0.19124621152877808
-0.04449855163693428, 0.22521671652793884
0.06787194311618805, 0.19156475365161896
0.07320724427700043, 0.10390659421682358
0.07237991690635681, -0.05231991782784462
0.06877681612968445, -0.21054784953594208
0.010050185956060886, -0.24743838608264923
