-0.08531709015369415, 0.15467022359371185
0.05614946782588959, 0.06264989823102951
0.1957862675189972, -0.042140860110521317
0.17770729959011078, -0.10317720472812653
0.09838701784610748, -0.10528821498155594
0.019671017304062843, -0.09542963653802872
-0.16136959195137024, -0.058054957538843155
-0.16861127316951752, 0.09275363385677338
-0.16861127316951752, 0.09275363385677338
-0.08531709015369415, 0.15467022359371185
0.05614946782588959, 0.06264989823102951
0.1957862675189972, -0.042140860110521317
0.17770729959011078, -0.10317720472812653
0.09838701784610748, -0.10528821498155594
0.019671017304062843, -0.09542963653802872
-0.16136959195137024, -0.058054957538843155
