-0.12090354412794113, -0.07578583061695099
0.0022185686975717545, 0.18580548465251923
0.05531991645693779, 0.1877075731754303
0.060586631298065186, 0.09889296442270279
0.06221788749098778, 0.019410762935876846
0.057298410683870316, -0.07440610975027084
0.009089487604796886, -0.10093614459037781
-0.05261708050966263, -0.09454450011253357
-0.12090354412794113, -0.07578583061695099
0.0022185686975717545, 0.18580548465251923
0.05531991645693779, 0.1877075731754303
0.060586631298065186, 0.09889296442270279
0.06221788749098778, 0.019410762935876846
0.057298410683870316, -0.07440610975027084
0.009089487604796886, -0.10093614459037781
-0.05261708050966263, -0.09454450011253357
