-0.07087831199169159, 0.26116231083869934
-0.011971043422818184, 0.21094705164432526
0.04221714287996292, 0.1510903239250183
0.08721093088388443, 0.08547094464302063
0.09674680233001709, -0.04337919130921364
0.09722843766212463, -0.12774558365345
0.09310394525527954, -0.21424806118011475
-0.06455084681510925, -0.2100256085395813
-0.07645424455404282, -0.056431226432323456
-0.07607949525117874, 0.07620298862457275
-0.07645424455404282, -0.056431226432323456
-0.07607949525117874, 0.07620298862457275
-0.07087831199169159, 0.26116231083869934
-0.011971043422818184, 0.21094705164432526
0.04221714287996292, 0.1510903239250183
0.08721093088388443, 0.08547094464302063
0.09674680233001709, -0.04337919130921364
0.09722843766212463, -0.12774558365345
0.09310394525527954, -0.21424806118011475
-0.06455084681510925, -0.2100256085395813
