-1.7423570156097412, 0.020171213895082474
-1.6765333414077759, 0.18858255445957184
-1.5994594097137451, 0.3428301513195038
-1.5012834072113037, 0.5129745602607727
-1.2856584787368774, 0.4985806345939636
-0.6873279809951782, 0.4393395483493805
0.20115359127521515, 0.3492077589035034
0.681814432144165, 0.3004472255706787
1.2711427211761475, 0.23922845721244812
1.3092820644378662, 0.19420908391475677
1.3165771961212158, -0.21110035479068756
1.310415506362915, -0.47275590896606445
1.2249643802642822, -0.3885592520236969
1.179474115371704, -0.3393917381763458
1.1121505498886108, -0.2805561423301697
1.0535624027252197, -0.21725428104400635
0.9999773502349854, -0.16201770305633545
0.934437096118927, -0.12486628443002701
0.8588821887969971, -0.12213433533906937
0.7661087512969971, -0.11209271848201752
0.5939629673957825, -0.12194781750440598
0.2978690266609192, -0.10839419811964035
0.23845507204532623, -0.18317461013793945
0.23272544145584106, -0.28792351484298706
0.24152685701847076, -0.3412783145904541
0.23847514390945435, -0.4260489046573639
0.24065615236759186, -0.5845551490783691
0.23835209012031555, -0.6496365070343018
0.20071150362491608, -0.7072949409484863
0.15657837688922882, -0.642068088054657
0.07631135731935501, -0.5946388244628906
-0.03883719444274902, -0.5415201187133789
-0.11742562055587769, -0.49775367975234985
-0.2197720855474472, -0.4830601215362549
-0.24883335828781128, -0.43816643953323364
-0.3381640911102295, -0.3926355540752411
-0.4078747630119324, -0.3616688847541809
-0.4802882671356201, -0.33205437660217285
-0.5191056132316589, -0.31753355264663696
-0.6012550592422485, -0.3096185624599457
-0.6893822550773621, -0.28035467863082886
-0.7041089534759521, -0.2164149284362793
-0.7444608211517334, -0.18725301325321198
-0.8175466060638428, -0.1349487453699112
-0.9509189128875732, -0.12038728594779968
-1.040245771408081, -0.11214495450258255
-1.1274467706680298, -0.07931576669216156
-1.1854455471038818, -0.09706591814756393
-1.2765995264053345, -0.06405136734247208
-1.3386094570159912, -0.0816415548324585
-1.3955771923065186, -0.07462747395038605
-1.4488551616668701, -0.04133625328540802
-1.5003745555877686, -0.06586828827857971
-1.5606353282928467, -0.05867372825741768
-1.6133248805999756, -0.0268320944160223
-1.6862170696258545, -0.013149450533092022
-1.7423570156097412, 0.020171213895082474
-1.6765333414077759, 0.18858255445957184
-1.5994594097137451, 0.3428301513195038
-1.5012834072113037, 0.5129745602607727
-1.2856584787368774, 0.4985806345939636
-0.6873279809951782, 0.4393395483493805
-0.6091985106468201, 0.4314137399196625
-0.8175466060638428, -0.1349487453699112
-1.5003745555877686, -0.06586828827857971
-1.5606353282928467, -0.05867372825741768
-1.6862170696258545, -0.013149450533092022
-0.8175466060638428, -0.1349487453699112
-0.6091985106468201, 0.4314137399196625
0.20115359127521515, 0.3492077589035034
0.2978690266609192, -0.10839419811964035
0.23835209012031555, -0.6496365070343018
0.20071150362491608, -0.7072949409484863
-0.6893822550773621, -0.28035467863082886
0.20115359127521515, 0.3492077589035034
0.681814432144165, 0.3004472255706787
1.0728670358657837, 0.25982511043548584
0.934437096118927, -0.12486628443002701
0.5939629673957825, -0.12194781750440598
0.2978690266609192, -0.10839419811964035
0.934437096118927, -0.12486628443002701
1.0728670358657837, 0.25982511043548584
1.2711427211761475, 0.23922845721244812
1.3092820644378662, 0.19420908391475677
1.3165771961212158, -0.21110035479068756
1.310415506362915, -0.47275590896606445
