-0.021050766110420227, 0.6299645900726318
-0.014955553226172924, 0.7273349761962891
0.025371123105287552, 0.6417275667190552
0.02545301243662834, 0.5651260018348694
0.02472333051264286, -0.03098932094871998
0.021055875346064568, -0.5943928360939026
-0.020352933555841446, -0.6872875094413757
-0.02210468240082264, -0.6138412356376648
-0.023641817271709442, -0.3516298830509186
-0.02399769052863121, 0.01579423062503338
-0.02399769052863121, 0.01579423062503338
-0.021050766110420227, 0.6299645900726318
-0.014955553226172924, 0.7273349761962891
0.025371123105287552, 0.6417275667190552
0.02545301243662834, 0.5651260018348694
0.02472333051264286, -0.03098932094871998
0.021055875346064568, -0.5943928360939026
-0.020352933555841446, -0.6872875094413757
-0.02210468240082264, -0.6138412356376648
-0.023641817271709442, -0.3516298830509186
