-1.2918283939361572, -0.13617680966854095
-1.2321553230285645, -0.13617758452892303
-0.9532272815704346, -0.13617824018001556
-0.8931738138198853, -0.13777625560760498
-0.8027744889259338, -0.12458569556474686
-0.712364673614502, -0.13800691068172455
-0.6933836340904236, -0.13800735771656036
-0.6330521702766418, -0.13800853490829468
-0.032715246081352234, -0.13801206648349762
0.067562535405159, -0.13801251351833344
0.12937447428703308, -0.13800683617591858
0.19687317311763763, -0.07553394883871078
0.2066393941640854, 0.04199831932783127
0.22599585354328156, 0.1622103601694107
0.2049294412136078, 0.24603429436683655
0.2280775010585785, 0.32519540190696716
0.19683198630809784, 0.4682237505912781
0.19746898114681244, 0.5844391584396362
0.20590843260288239, 0.6601926684379578
0.2066555917263031, 0.7063058018684387
0.2060529887676239, 0.8068259358406067
0.20884260535240173, 0.9640526175498962
0.22918136417865753, 1.0581943988800049
0.24683593213558197, 1.2017155885696411
0.22908541560173035, 1.3236521482467651
0.308999627828598, 1.3398710489273071
0.6975735425949097, 1.3405237197875977
0.6864902377128601, 1.2788795232772827
0.6908300518989563, 1.1489337682724
0.6892948150634766, 1.0866957902908325
0.6926246285438538, 0.9870400428771973
0.6907491683959961, 0.9148237705230713
0.6902661323547363, 0.8665485978126526
0.6942880749702454, 0.776332437992096
0.6864350438117981, 0.689162015914917
0.6859741806983948, 0.6228340864181519
0.6927154660224915, 0.5426067113876343
0.688373863697052, 0.36269184947013855
0.6909249424934387, 0.2856672704219818
0.6881702542304993, 0.12687884271144867
0.6922246813774109, 0.027211090549826622
0.6897469758987427, -0.050811827182769775
0.6976667642593384, -0.12159254401922226
0.6955097913742065, -0.19795919954776764
0.6937121152877808, -0.2679057717323303
0.6877873539924622, -0.33832693099975586
0.6874560713768005, -0.37180355191230774
0.6977900266647339, -0.4675630033016205
0.6900279521942139, -0.5552172660827637
0.6899542212486267, -0.5892474055290222
0.6899086833000183, -0.6102774739265442
-0.753381073474884, -0.612380862236023
-0.8335117697715759, -0.6149157285690308
-1.0931117534637451, -0.6148582696914673
-1.292239785194397, -0.6148694157600403
-1.2937641143798828, -0.541339099407196
-1.292433261871338, -0.4502326548099518
-1.30243980884552, -0.3852200210094452
-1.2929377555847168, -0.2939743399620056
-1.2935802936553955, -0.23699109256267548
0.19683198630809784, 0.4682237505912781
0.19746898114681244, 0.5844391584396362
0.20884260535240173, 0.9640526175498962
0.22908541560173035, 1.3236521482467651
0.308999627828598, 1.3398710489273071
0.6975735425949097, 1.3405237197875977
0.6977900266647339, -0.4675630033016205
0.6899542212486267, -0.5892474055290222
0.19687317311763763, -0.07553394883871078
-1.30243980884552, -0.3852200210094452
-1.2918283939361572, -0.13617680966854095
0.19687317311763763, -0.07553394883871078
0.6899542212486267, -0.5892474055290222
0.6899086833000183, -0.6102774739265442
-0.8335117697715759, -0.6149157285690308
-1.292239785194397, -0.6148694157600403
