1.7467272281646729, 3.2149431705474854
1.7379319667816162, 3.2760210037231445
1.8574063777923584, 3.4261691570281982
1.9048151969909668, 3.469822645187378
1.8932503461837769, 3.3915414810180664
1.860306978225708, 3.301574945449829
1.8053240776062012, 3.221745014190674
1.7379319667816162, 3.2760210037231445
1.8574063777923584, 3.4261691570281982
1.9048151969909668, 3.469822645187378
1.8932503461837769, 3.3915414810180664
1.860306978225708, 3.301574945449829
1.8053240776062012, 3.221745014190674
1.7467272281646729, 3.2149431705474854
