-0.4021066427230835, -0.09492522478103638
-0.0465068556368351, 0.02823948860168457
0.2918614149093628, 0.13936206698417664
0.3527051508426666, 0.06896957010030746
0.3194177448749542, 0.014099625870585442
-0.20487017929553986, -0.1287079155445099
-0.3970557749271393, -0.16103199124336243
-0.4021066427230835, -0.09492522478103638
-0.0465068556368351, 0.02823948860168457
0.2918614149093628, 0.13936206698417664
0.3527051508426666, 0.06896957010030746
0.3194177448749542, 0.014099625870585442
-0.20487017929553986, -0.1287079155445099
-0.3970557749271393, -0.16103199124336243
