PR_0
RBT,( 2.014,  0.313,  0.000 ), (-0.000, -0.000,  0.000,  1.000 )
-1.6966522932052612, -1.490584373474121, 0.0
-1.6883641481399536, -1.8432238101959229, 0.0
-0.8660703301429749, -2.2851507663726807, 0.0
-0.4017976224422455, -2.328925132751465, 0.0
1.6278495788574219, -2.3286659717559814, 0.0
1.7138490676879883, -2.323368549346924, 0.0
2.733017683029175, 0.8025901913642883, 0.0
2.7297093868255615, 0.8695622086524963, 0.0
2.6606619358062744, 1.089648962020874, 0.0
2.63561749458313, 1.1648757457733154, 0.0
2.5814337730407715, 1.3235615491867065, 0.0
2.4777846336364746, 1.588755488395691, 0.0
2.405858278274536, 1.6867884397506714, 0.0
1.3595458269119263, 1.6952236890792847, 0.0
1.19477379322052, 1.6951391696929932, 0.0
-0.4241529107093811, 1.6778724193572998, 0.0
-0.8408392667770386, 1.6707788705825806, 0.0
-1.719228982925415, 1.293558955192566, 0.0
PR_1
RBT,( 4.215,  0.096,  0.150 ), (-0.000, -0.103,  0.000,  0.995 )
-0.7156179547309875, -0.1256975382566452, 0.0
-0.7072817087173462, -0.6301735043525696, 0.0
-0.7057136297225952, -0.6893147230148315, 0.0
-0.6820123195648193, -0.8425060510635376, 0.0
-0.48151251673698425, -0.9017955660820007, 0.0
0.3742348253726959, -1.0945566892623901, 0.0
0.5787620544433594, -1.0945167541503906, 0.0
0.6497441530227661, -1.0832138061523438, 0.0
0.7048710584640503, -0.9692873954772949, 0.0
0.7326249480247498, -0.8058419227600098, 0.0
0.773695170879364, -0.4793223440647125, 0.0
0.7884335517883301, -0.2873516082763672, 0.0
0.77777498960495, 0.19168992340564728, 0.0
0.7510557174682617, 0.5173897743225098, 0.0
0.7180211544036865, 0.7233853340148926, 0.0
0.6841462850570679, 0.8996405601501465, 0.0
0.1126602366566658, 0.9020927548408508, 0.0
-0.23949763178825378, 0.9009473323822021, 0.0
-0.4543148875236511, 0.8978150486946106, 0.0
-0.6683266758918762, 0.8806751370429993, 0.0
-0.705143392086029, 0.7773454189300537, 0.0
-0.716923713684082, 0.25504249334335327, 0.0
PR_2
RBT,( 2.006,  1.750,  0.260 ), ( 0.704,  0.000,  0.000,  0.711 )
-0.23391731083393097, -0.17257776856422424, 0.0
-0.17650659382343292, -0.2550199627876282, 0.0
0.20452968776226044, -0.25537726283073425, 0.0
0.23780284821987152, -0.16238261759281158, 0.0
0.24072326719760895, -0.04286796599626541, 0.0
0.24317917227745056, 0.1723978966474533, 0.0
0.2284059375524521, 0.23605278134346008, 0.0
-0.20047779381275177, 0.2410992681980133, 0.0
-0.23469915986061096, 0.19621233642101288, 0.0
-0.25120627880096436, 0.06864916533231735, 0.0
-0.25435999035835266, 0.009315960109233856, 0.0
-0.2550361752510071, -0.08689866214990616, 0.0
PR_3
RBT,( 2.664, -0.947,  0.591 ), ( 0.500, -0.500,  0.000,  0.707 )
-0.6658470034599304, -0.16887927055358887, 0.0
-0.03276804834604263, -0.7967728972434998, 0.0
0.03417953848838806, -0.7716652750968933, 0.0
0.10912960022687912, -0.7408232688903809, 0.0
0.16809068620204926, -0.6949799060821533, 0.0
0.36084309220314026, -0.5113335251808167, 0.0
0.595233142375946, -0.2687804400920868, 0.0
0.6736176609992981, -0.17251738905906677, 0.0
0.7201049327850342, -0.09252852201461792, 0.0
0.6325744986534119, 0.08550358563661575, 0.0
0.39003825187683105, 0.33233407139778137, 0.0
0.14686192572116852, 0.5699633955955505, 0.0
-0.02923683635890484, 0.733025312423706, 0.0
-0.4144636392593384, 0.35729825496673584, 0.0
-0.5575860738754272, 0.21400219202041626, 0.0
-0.7371609807014465, 0.017732197418808937, 0.0
-0.7507546544075012, -0.07793425768613815, 0.0
PR_4
RBT,( 1.750,  1.886,  0.248 ), ( 0.001, -0.707,  0.000,  0.707 )
-0.23567356169223785, -0.03382245823740959, 0.0
-0.21627695858478546, -0.0998363345861435, 0.0
-0.09304115176200867, -0.1247069239616394, 0.0
0.04383412003517151, -0.12324021011590958, 0.0
0.1916561871767044, -0.11413855105638504, 0.0
0.24136018753051758, -0.05244229733943939, 0.0
0.23224584758281708, 0.11649562418460846, 0.0
0.15024606883525848, 0.1204620748758316, 0.0
0.07140550762414932, 0.1228189468383789, 0.0
-0.0071297502145171165, 0.12203314155340195, 0.0
-0.1767156422138214, 0.11541913449764252, 0.0
-0.2372225672006607, 0.10473032295703888, 0.0
PR_5
RBT,( 2.554, -0.759,  1.101 ), ( 0.001, -0.002,  0.000,  1.000 )
-0.243162602186203, 0.16532687842845917, 0.0
-0.20189081132411957, 0.12476224452257156, 0.0
-0.15951019525527954, 0.08560480922460556, 0.0
0.4333747923374176, -0.4570305347442627, 0.0
0.4962170124053955, -0.45682355761528015, 0.0
0.32291513681411743, -0.2663966715335846, 0.0
0.2009180635213852, -0.13882000744342804, 0.0
0.14056919515132904, -0.07611408084630966, 0.0
-0.09283356368541718, 0.1547800749540329, 0.0
-0.16267573833465576, 0.20704668760299683, 0.0
-0.27087295055389404, 0.20737498998641968, 0.0
PR_6
RBT,( 2.308, -0.521,  0.595 ), (-0.496, -0.504,  0.000,  0.707 )
-0.3955840468406677, 0.3183046579360962, 0.0
0.05075894668698311, -0.11961442977190018, 0.0
0.3224470913410187, -0.3852899968624115, 0.0
0.39058974385261536, -0.3154386878013611, 0.0
0.25713881850242615, -0.18241159617900848, 0.0
-0.15330135822296143, 0.2209479808807373, 0.0
-0.2825655937194824, 0.3424273729324341, 0.0
-0.3505723774433136, 0.4034411311149597, 0.0
-0.3992469310760498, 0.42146503925323486, 0.0
-0.4434109330177307, 0.36889564990997314, 0.0
PR_7
RBT,( 3.471, -1.753,  0.535 ), ( 0.500, -0.500,  0.000,  0.707 )
-0.4761839210987091, -0.2580346465110779, 0.0
-0.13526754081249237, -0.517771303653717, 0.0
0.0050767348147928715, -0.4840865433216095, 0.0
0.14987048506736755, -0.35527780652046204, 0.0
0.41087278723716736, -0.1096617728471756, 0.0
0.5117444396018982, 0.007935522124171257, 0.0
0.4922031760215759, 0.21723376214504242, 0.0
0.3812495470046997, 0.41841763257980347, 0.0
0.22289800643920898, 0.5637425184249878, 0.0
0.0901360735297203, 0.47259947657585144, 0.0
-0.28727489709854126, 0.09273014962673187, 0.0
-0.4471859335899353, -0.0753956288099289, 0.0
-0.551144540309906, -0.1976383477449417, 0.0
PR_8
RBT,( 3.029,  1.803,  1.501 ), ( 0.005, -0.708,  0.000,  0.707 )
-0.3090443015098572, -0.013934562914073467, 0.0
-0.3076671361923218, -0.13222794234752655, 0.0
-0.3047548532485962, -0.19192326068878174, 0.0
-0.23460988700389862, -0.1959327608346939, 0.0
-0.16480204463005066, -0.196518212556839, 0.0
0.029363228008151054, -0.1935458481311798, 0.0
0.23126879334449768, -0.18442869186401367, 0.0
0.3293370008468628, -0.07142418622970581, 0.0
0.3385649621486664, 0.10356120765209198, 0.0
0.29487335681915283, 0.1786693036556244, 0.0
0.22912012040615082, 0.18896108865737915, 0.0
-0.006375287193804979, 0.20310592651367188, 0.0
-0.2526136040687561, 0.1970265805721283, 0.0
-0.3093463182449341, 0.1846463680267334, 0.0
PR_9
RBT,( 2.005,  1.848,  0.499 ), (-0.009, -0.000,  0.000,  1.000 )
-0.1777203530073166, -0.10002052783966064, 0.0
0.24212294816970825, -0.03364550694823265, 0.0
0.24377812445163727, 0.03556928038597107, 0.0
-0.23392266035079956, 0.03572443872690201, 0.0
-0.23555438220500946, -0.08368159085512161, 0.0
PR_10
RBT,( 3.102, -1.382,  1.553 ), (-0.488, -0.512,  0.000,  0.707 )
-0.03424188122153282, -0.0401928536593914, 0.0
0.2961410880088806, -0.3398074805736542, 0.0
0.3476552665233612, -0.2757592797279358, 0.0
-0.27089357376098633, 0.3707304000854492, 0.0
-0.4113714396953583, 0.3190560042858124, 0.0
PR_11
RBT,( 1.998,  1.964,  0.499 ), (-0.017,  0.000,  0.000,  1.000 )
-0.18428902328014374, -0.021487824618816376, 0.0
0.11081454902887344, -0.021724725142121315, 0.0
0.23215816915035248, -0.01864985004067421, 0.0
0.21579065918922424, 0.04054960981011391, 0.0
-0.1868099868297577, 0.04022829607129097, 0.0
-0.24537213146686554, -0.01882266439497471, 0.0
