PR_0
RBT,(-0.559,  1.046,  0.000 ), (-0.000,  0.000,  0.000,  1.000 )
-6.392655849456787, 0.5385939478874207, 0.0
-2.345829963684082, -2.3180627822875977, 0.0
-1.0119668245315552, -2.7455151081085205, 0.0
-0.028226763010025024, -2.7838973999023438, 0.0
0.800983190536499, -2.7837560176849365, 0.0
2.1947107315063477, -2.783518075942993, 0.0
3.949522018432617, -2.7832183837890625, 0.0
5.19037389755249, 0.12591154873371124, 0.0
2.8021442890167236, 3.142040491104126, 0.0
2.7571380138397217, 3.1960666179656982, 0.0
2.671066999435425, 3.2884771823883057, 0.0
-0.593110978603363, 3.143373727798462, 0.0
-6.370444297790527, 1.3696027994155884, 0.0
-6.401626110076904, 1.3150745630264282, 0.0
-6.402803421020508, 0.6075253486633301, 0.0
PR_1
RBT,( 2.308, -0.521,  0.573 ), (-0.495, -0.505,  0.000,  0.707 )
0.3320000469684601, -0.3956027925014496, 0.0
0.4023807942867279, -0.3265770375728607, 0.0
0.32107049226760864, -0.24516601860523224, 0.0
-0.1064348965883255, 0.17478753626346588, 0.0
-0.24659495055675507, 0.3116087317466736, 0.0
-0.34106355905532837, 0.4001549482345581, 0.0
-0.40540453791618347, 0.3843313157558441, 0.0
-0.41090792417526245, 0.33353522419929504, 0.0
PR_2
RBT,( 4.189,  0.058,  0.143 ), ( 0.000, -0.102,  0.000,  0.995 )
-0.6641701459884644, -0.7850639820098877, 0.0
-0.5160897970199585, -0.818001389503479, 0.0
0.3293185234069824, -0.989566445350647, 0.0
0.605854868888855, -1.043513298034668, 0.0
0.6615319848060608, -1.0400358438491821, 0.0
0.6971094012260437, -0.9151328206062317, 0.0
0.7090890407562256, -0.8612790703773499, 0.0
0.7358450889587402, -0.6503998637199402, 0.0
0.7555506825447083, -0.4726433753967285, 0.0
0.7666401863098145, -0.32445377111434937, 0.0
0.7679893970489502, 0.15046055614948273, 0.0
0.763839840888977, 0.2643126845359802, 0.0
0.7597344517707825, 0.3591154217720032, 0.0
0.7169723510742188, 0.6878551244735718, 0.0
0.6800365447998047, 0.8770188689231873, 0.0
0.6673017740249634, 0.926377534866333, 0.0
0.614834725856781, 0.9313666820526123, 0.0
0.2459450513124466, 0.9397335052490234, 0.0
-0.4071011245250702, 0.9417876601219177, 0.0
-0.6570650339126587, 0.9171126484870911, 0.0
-0.665844202041626, 0.833392322063446, 0.0
-0.6783871054649353, 0.686130940914154, 0.0
-0.7267214059829712, -0.6728402376174927, 0.0
PR_3
RBT,( 2.691, -0.977,  0.569 ), ( 0.493, -0.509,  0.000,  0.705 )
-0.755648136138916, -0.018560556694865227, 0.0
-0.5609846711158752, -0.2293585240840912, 0.0
-0.4054919183254242, -0.3937942683696747, 0.0
-0.09206308424472809, -0.7135065197944641, 0.0
0.11163410544395447, -0.8211724758148193, 0.0
0.3735342025756836, -0.5758256912231445, 0.0
0.8120958209037781, -0.15418954193592072, 0.0
0.9521093368530273, -0.019077565521001816, 0.0
0.9993817210197449, 0.03592749312520027, 0.0
1.0715759992599487, 0.12377089262008667, 0.0
1.0333077907562256, 0.1724037081003189, 0.0
-0.015053031034767628, 0.779201090335846, 0.0
-0.24300417304039001, 0.5915728807449341, 0.0
-0.7562678456306458, 0.06498177349567413, 0.0
PR_4
RBT,( 2.022,  1.750,  0.249 ), ( 0.706,  0.000,  0.000,  0.708 )
-0.13309793174266815, -0.21626722812652588, 0.0
0.0468871034681797, -0.2173997312784195, 0.0
0.1262378990650177, -0.21586433053016663, 0.0
0.1820831149816513, -0.17533834278583527, 0.0
0.22080382704734802, -0.0158376507461071, 0.0
0.2231939285993576, 0.06404140591621399, 0.0
0.18535825610160828, 0.15597964823246002, 0.0
0.10457314550876617, 0.2496991604566574, 0.0
0.011813556775450706, 0.2505893409252167, 0.0
-0.17098911106586456, 0.2253405600786209, 0.0
-0.21943795680999756, -0.19915208220481873, 0.0
PR_5
RBT,( 3.474, -1.756,  0.526 ), ( 0.500, -0.500,  0.000,  0.707 )
-0.4922971725463867, -0.237830251455307, 0.0
-0.4576066732406616, -0.27877548336982727, 0.0
-0.4448589086532593, -0.29382166266441345, 0.0
-0.24167132377624512, -0.5007298588752747, 0.0
-0.19819191098213196, -0.5290797352790833, 0.0
-0.11439377069473267, -0.5808035135269165, 0.0
-0.003925973549485207, -0.4892192780971527, 0.0
0.42467743158340454, -0.0613316111266613, 0.0
0.5843496918678284, 0.12871326506137848, 0.0
0.45005887746810913, 0.3603752553462982, 0.0
0.2651441693305969, 0.5312953591346741, 0.0
0.22146570682525635, 0.5604426860809326, 0.0
0.12596505880355835, 0.5328701138496399, 0.0
0.026875672861933708, 0.4482044577598572, 0.0
-0.28005439043045044, 0.17189210653305054, 0.0
-0.5101054906845093, -0.0680534839630127, 0.0
-0.5256158709526062, -0.1415044218301773, 0.0
PR_6
RBT,( 1.451, -1.841,  0.000 ), (-0.000, -0.000,  0.000,  1.000 )
-1.4370663166046143, -0.048878591507673264, 0.0
-1.3910908699035645, -0.09245910495519638, 0.0
-1.0866146087646484, -0.09399550408124924, 0.0
0.032744135707616806, -0.09399037063121796, 0.0
2.1176846027374268, -0.048402756452560425, 0.0
2.031386613845825, 0.033391423523426056, 0.0
1.9404324293136597, 0.04987262189388275, 0.0
1.7442251443862915, 0.05247942730784416, 0.0
-0.38298726081848145, 0.05297847464680672, 0.0
-1.3839257955551147, 0.052982524037361145, 0.0
-1.4376399517059326, 0.05079646408557892, 0.0
-1.4894108772277832, 0.013682625256478786, 0.0
PR_7
RBT,( 3.223,  1.964, -0.000 ), ( 0.001,  0.000,  0.000,  1.000 )
-0.5109158158302307, -0.015194177627563477, 0.0
0.5099489092826843, -0.06388399004936218, 0.0
0.8271421790122986, -0.014687838032841682, 0.0
0.7567033171653748, 0.01847897283732891, 0.0
0.6382524371147156, 0.019161997362971306, 0.0
-0.6403315663337708, 0.017555641010403633, 0.0
PR_8
RBT,( 3.029,  1.793,  1.345 ), ( 0.005, -0.709,  0.000,  0.705 )
-0.1486155092716217, -0.1833094358444214, 0.0
-0.019808387383818626, -0.18473976850509644, 0.0
0.040074218064546585, -0.1820652037858963, 0.0
0.14227838814258575, -0.17289739847183228, 0.0
0.1461450159549713, -0.06593050062656403, 0.0
0.15215365588665009, 0.17623215913772583, 0.0
0.05573997646570206, 0.20405417680740356, 0.0
-0.13653866946697235, 0.1944957971572876, 0.0
-0.15095756947994232, 0.08290371298789978, 0.0
-0.15294724702835083, -0.025886932387948036, 0.0
PR_9
RBT,( 1.750,  2.002,  0.256 ), ( 0.000, -0.706,  0.000,  0.708 )
-0.24875076115131378, -0.05155707523226738, 0.0
-0.24416151642799377, -0.14964748919010162, 0.0
-0.21217550337314606, -0.24651458859443665, 0.0
0.2356228083372116, -0.24821653962135315, 0.0
0.24352912604808807, -0.1659308820962906, 0.0
0.24399101734161377, 0.022690463811159134, 0.0
0.24337123334407806, 0.1808745414018631, 0.0
0.23277729749679565, 0.24674178659915924, 0.0
0.011234753765165806, 0.24481262266635895, 0.0
-0.16962037980556488, 0.24205343425273895, 0.0
-0.24905002117156982, 0.18288643658161163, 0.0
PR_10
RBT,( 1.989,  2.006,  0.500 ), (-0.000, -0.001,  0.000,  1.000 )
-0.22105269134044647, -0.0752989873290062, 0.0
-0.21878357231616974, -0.15455767512321472, 0.0
-0.1977282017469406, -0.23981426656246185, 0.0
0.19544121623039246, -0.2547174096107483, 0.0
0.2395590990781784, -0.1952476054430008, 0.0
0.25769978761672974, 0.05278053879737854, 0.0
0.2367531657218933, 0.20959101617336273, 0.0
0.15972521901130676, 0.22787779569625854, 0.0
0.06427083164453506, 0.24035494029521942, 0.0
-0.05594293028116226, 0.2400759756565094, 0.0
-0.20515049993991852, 0.22458282113075256, 0.0
-0.21686895191669464, 0.1603347361087799, 0.0
-0.22332881391048431, 0.06286755949258804, 0.0
PR_11
RBT,( 3.103, -1.380,  1.290 ), (-0.495, -0.506,  0.000,  0.706 )
0.006914676632732153, -0.0738176703453064, 0.0
0.11233475804328918, -0.17143072187900543, 0.0
0.17307275533676147, -0.11188437789678574, 0.0
0.10333043336868286, -0.04035443812608719, 0.0
-2.6815901946974918E-5, 0.06001664325594902, 0.0
-0.10805016756057739, 0.14118389785289764, 0.0
-0.17695575952529907, 0.09805174916982651, 0.0
PR_12
RBT,( 1.523, -1.969, -0.000 ), (-0.000, -0.000,  0.000,  1.000 )
-1.4889487028121948, -0.019889697432518005, 0.0
1.5527639389038086, -0.02174370363354683, 0.0
1.9187970161437988, -0.021605703979730606, 0.0
2.0854430198669434, -0.0194244384765625, 0.0
2.1240358352661133, 0.027302704751491547, 0.0
0.8236591815948486, 0.02815808169543743, 0.0
-1.5086798667907715, 0.02677762880921364, 0.0
-1.5814968347549438, -0.01048667449504137, 0.0
PR_13
RBT,( 2.492, -1.991,  0.782 ), (-0.492, -0.508,  0.000,  0.707 )
-0.3187084197998047, 0.29920822381973267, 0.0
0.2893211543560028, -0.28695741295814514, 0.0
0.4079340100288391, -0.3965032696723938, 0.0
0.41971638798713684, -0.40460485219955444, 0.0
0.20999684929847717, -0.18765635788440704, 0.0
0.09978753328323364, -0.07971972227096558, 0.0
-0.3026873767375946, 0.3094158470630646, 0.0
-0.4377945363521576, 0.4157240092754364, 0.0
PR_14
RBT,(-0.537, -1.827, -0.000 ), ( 0.248,  0.000,  0.000,  0.969 )
0.32252395153045654, -2.6201922446489334E-4, 0.0
0.3643823564052582, -2.38889959291555E-4, 0.0
0.343190997838974, 2.443224366288632E-4, 0.0
0.062116559594869614, 1.9159865041729063E-4, 0.0
-0.038408342748880386, 9.811497147893533E-5, 0.0
-0.07144778966903687, -9.59678363869898E-5, 0.0
PR_15
RBT,(-1.525, -1.956, -0.000 ), ( 1.000, -0.015,  0.000, -0.000 )
0.5920976996421814, -0.042429231107234955, 0.0
1.2406797409057617, -0.06203073263168335, 0.0
1.3000097274780273, -0.0156085891649127, 0.0
-0.07473865151405334, 0.02559482306241989, 0.0
-1.4041976928710938, 0.01947125978767872, 0.0
PR_16
RBT,(-2.239, -1.307, -0.000 ), ( 0.321,  0.000,  0.000,  0.947 )
PR_17
RBT,(-1.982, -1.472,  0.000 ), ( 0.956,  0.000,  0.000, -0.294 )
PR_18
RBT,(-0.993, -1.933, -0.000 ), ( 0.236,  0.000,  0.000,  0.972 )
-0.31796973943710327, -9.070819360204041E-4, 0.0
-0.016685428097844124, -6.666916888207197E-4, 0.0
0.026421068236231804, 3.7977113970555365E-4, 0.0
-0.2575998902320862, 8.726260857656598E-4, 0.0
-0.5780850052833557, 7.366581703536212E-4, 0.0
-0.6044480204582214, -3.4580283681862056E-4, 0.0
PR_19
RBT,(-1.072, -1.528, -0.000 ), ( 0.286, -0.000,  0.000,  0.958 )
0.2544613480567932, -4.5025008148513734E-4, 0.0
0.29418236017227173, -4.448548424988985E-4, 0.0
0.40665203332901, 5.298466421663761E-4, 0.0
0.2150093913078308, 4.02186211431399E-4, 0.0
-0.26432859897613525, -7.843792991479859E-5, 0.0
PR_20
RBT,(-2.310, -1.143, -0.000 ), ( 0.936, -0.000,  0.000, -0.352 )
-0.1510772705078125, -3.214523021597415E-4, 0.0
0.5313265323638916, -5.713284481316805E-4, 0.0
0.6165738105773926, 6.552895647473633E-4, 0.0
-0.4042983055114746, 5.062023410573602E-5, 0.0
-0.539858341217041, -5.662664261762984E-5, 0.0
PR_21
RBT,(-2.941,  2.722,  0.200 ), ( 0.001,  0.001,  0.000,  1.000 )
-0.9631498456001282, -0.9369620084762573, 0.0
-0.9013378620147705, -0.9984822273254395, 0.0
-0.7971729636192322, -1.0851218700408936, 0.0
-0.6071133017539978, -0.896052360534668, 0.0
0.2849775552749634, -0.004136593081057072, 0.0
0.3842519223690033, 0.09520242363214493, 0.0
0.6639876365661621, 0.37560370564460754, 0.0
0.822974443435669, 0.5353196263313293, 0.0
0.8327404856681824, 0.633949339389801, 0.0
0.8357480764389038, 0.8285137414932251, 0.0
0.8346062302589417, 0.8873335719108582, 0.0
0.831023097038269, 1.0531967878341675, 0.0
0.7412253618240356, 1.0184375047683716, 0.0
-0.5887479782104492, -0.3119382858276367, 0.0
-0.6904086470603943, -0.4138070344924927, 0.0
-0.9364064931869507, -0.6606089472770691, 0.0
-1.0130130052566528, -0.738018274307251, 0.0
-1.0681288242340088, -0.8257898688316345, 0.0
PR_22
RBT,(-2.734,  2.640,  0.098 ), ( 0.500,  0.500,  0.000,  0.708 )
-0.9417743682861328, -1.0642316341400146, 0.0
-0.9018073081970215, -1.0266276597976685, 0.0
-0.808645486831665, -0.936646044254303, 0.0
1.1017974615097046, 0.9719861149787903, 0.0
1.1316677331924438, 1.0732550621032715, 0.0
1.0503650903701782, 1.1479398012161255, 0.0
0.9020342230796814, 1.0467113256454468, 0.0
0.5831200480461121, 0.7275381684303284, 0.0
-0.8494657278060913, -0.71745365858078, 0.0
-0.9466442465782166, -0.8161311149597168, 0.0
-1.0269393920898438, -0.8984844088554382, 0.0
-1.0641849040985107, -0.9566720128059387, 0.0
PR_23
RBT,( 0.709,  3.429,  0.076 ), ( 0.015, -0.702,  0.000,  0.712 )
-0.07666439563035965, -0.02267584018409252, 0.0
-0.03967756778001785, -0.07920722663402557, 0.0
0.08139502257108688, -0.07242172956466675, 0.0
0.07126535475254059, 0.04050388187170029, 0.0
0.032881900668144226, 0.08116795122623444, 0.0
-0.027726542204618454, 0.07924674451351166, 0.0
-0.07901160418987274, 0.06563068926334381, 0.0
PR_24
RBT,(-2.997,  2.942,  0.300 ), ( 0.500,  0.500,  0.000,  0.707 )
-1.0502389669418335, -1.0080385208129883, 0.0
-0.9784741997718811, -1.0788606405258179, 0.0
-0.8663145303726196, -0.995050847530365, 0.0
0.592005729675293, 0.46475833654403687, 0.0
1.0268887281417847, 0.9049636125564575, 0.0
1.0770535469055176, 0.9743399024009705, 0.0
1.1072169542312622, 1.0670937299728394, 0.0
1.0298187732696533, 1.13502037525177, 0.0
0.9855765104293823, 1.1112730503082275, 0.0
0.9442036747932434, 1.0736970901489258, 0.0
-0.7495723962783813, -0.6152418255805969, 0.0
-1.0887742042541504, -0.9631584286689758, 0.0
PR_25
RBT,( 0.479,  3.479,  0.069 ), ( 0.700, -0.016,  0.000,  0.714 )
-0.08901055157184601, -0.057496294379234314, 0.0
-0.027087552472949028, -0.06283250451087952, 0.0
0.051956575363874435, -0.06528639793395996, 0.0
0.1284794807434082, -0.03971875086426735, 0.0
0.13270016014575958, 0.03685946390032768, 0.0
0.06966301798820496, 0.06760860979557037, 0.0
-0.024434782564640045, 0.07021965831518173, 0.0
-0.09054533392190933, 0.06854812800884247, 0.0
PR_26
RBT,( 0.513,  3.780,  0.160 ), ( 0.001,  0.012,  0.000,  1.000 )
-0.5093889832496643, -0.015706544741988182, 0.0
-0.42099830508232117, -0.12957289814949036, 0.0
-0.10322882235050201, -0.2954038679599762, 0.0
0.2738857567310333, -0.3913595378398895, 0.0
0.35915109515190125, -0.36833563446998596, 0.0
0.44452399015426636, -0.3348649740219116, 0.0
0.5535938739776611, -0.26305246353149414, 0.0
0.5436521768569946, -0.053505633026361465, 0.0
0.5227148532867432, 0.04141240566968918, 0.0
0.08037213981151581, 0.516454815864563, 0.0
-0.07061366736888885, 0.4753424823284149, 0.0
-0.22080309689044952, 0.4264064431190491, 0.0
-0.4441390931606293, 0.2687535881996155, 0.0
-0.5256285071372986, 0.050835296511650085, 0.0
PR_27
RBT,( 2.554,  3.229,  0.024 ), ( 0.091, -0.092,  0.000,  0.992 )
0.08723578602075577, -0.1936991661787033, 0.0
0.0904833972454071, -0.07916007936000824, 0.0
0.054585061967372894, 0.0831802561879158, 0.0
0.018077638000249863, 0.16515955328941345, 0.0
-0.04701000824570656, 0.13822242617607117, 0.0
-0.10820066928863525, 0.06597959250211716, 0.0
-0.12946024537086487, 0.014113608747720718, 0.0
PR_28
RBT,( 0.256,  3.656,  0.072 ), ( 0.687,  0.140,  0.000,  0.713 )
-0.12781967222690582, -0.08019331097602844, 0.0
-0.05503309518098831, -0.08120834827423096, 0.0
0.15066905319690704, -0.02905336581170559, 0.0
0.1433200091123581, 0.04876893386244774, 0.0
0.1080717220902443, 0.10660792887210846, 0.0
0.005661404225975275, 0.09905989468097687, 0.0
-0.1582249402999878, 0.04368232935667038, 0.0
-0.16422608494758606, -0.03896036371588707, 0.0
PR_29
RBT,( 0.029,  3.712,  0.088 ), ( 0.397, -0.581,  0.000,  0.710 )
-0.07358971238136292, -0.03538522124290466, 0.0
-0.02704799734055996, -0.0926956981420517, 0.0
0.06415608525276184, -0.08346320688724518, 0.0
0.10228212922811508, -2.642360923346132E-4, 0.0
0.04063410684466362, 0.07781253010034561, 0.0
-0.03132074698805809, 0.08176518976688385, 0.0
-0.11557101458311081, 0.06970950961112976, 0.0
PR_30
RBT,(-0.093,  3.970,  0.068 ), ( 0.061, -0.695,  0.000,  0.716 )
-0.051221996545791626, -0.10590682178735733, 0.0
0.05475355312228203, -0.12881208956241608, 0.0
0.056270528584718704, 0.029576893895864487, 0.0
0.022449739277362823, 0.13831882178783417, 0.0
-0.06781144440174103, 0.12014980614185333, 0.0
-0.06975777447223663, 0.015222896821796894, 0.0
PR_31
RBT,(-0.731,  3.909,  0.067 ), ( 0.000, -0.000,  0.000,  1.000 )
-0.14362941682338715, -0.13505569100379944, 0.0
-0.07884761691093445, -0.16062034666538239, 0.0
0.023185376077890396, -0.1893804371356964, 0.0
0.17866630852222443, -0.16045942902565002, 0.0
0.19430305063724518, 0.11375931650400162, 0.0
0.17837132513523102, 0.17334499955177307, 0.0
-0.001286459737457335, 0.22341668605804443, 0.0
-0.11686163395643234, 0.20880350470542908, 0.0
-0.19435197114944458, 0.14681370556354523, 0.0
-0.21823468804359436, 0.08056479692459106, 0.0
-0.22011086344718933, -0.06737012416124344, 0.0
PR_32
RBT,(-3.171,  3.041,  0.400 ), ( 0.001,  0.001,  0.000,  1.000 )
-1.0582727193832397, -0.9282023310661316, 0.0
-0.973580002784729, -1.0105901956558228, 0.0
-0.8500756025314331, -1.119471549987793, 0.0
-0.6587668657302856, -0.9300004243850708, 0.0
-0.45815882086753845, -0.7300133109092712, 0.0
0.21105441451072693, -0.06122628226876259, 0.0
0.6310257315635681, 0.3585430085659027, 0.0
1.1404695510864258, 0.8681980967521667, 0.0
1.2043150663375854, 0.9413547515869141, 0.0
1.1815110445022583, 0.9972555637359619, 0.0
1.1435338258743286, 1.0502532720565796, 0.0
0.6546021103858948, 0.946203351020813, 0.0
0.3178373873233795, 0.610956072807312, 0.0
-0.4298367500305176, -0.1361912488937378, 0.0
-0.7907864451408386, -0.49705901741981506, 0.0
-0.9026048183441162, -0.6114194989204407, 0.0
-1.0430490970611572, -0.7563871145248413, 0.0
-1.079782247543335, -0.8068388104438782, 0.0
PR_33
RBT,( 0.798,  4.527,  0.194 ), ( 0.000, -0.000,  0.000,  1.000 )
-0.07459502667188644, -0.13526450097560883, 0.0
0.01428221259266138, -0.12412559241056442, 0.0
0.16691114008426666, -0.07754575461149216, 0.0
0.17667877674102783, 0.006620775442570448, 0.0
0.17551346123218536, 0.07777871191501617, 0.0
0.1686800867319107, 0.12947072088718414, 0.0
-0.12806706130504608, 0.04554976150393486, 0.0
-0.1826210916042328, 0.02416933700442314, 0.0
-0.22541654109954834, -0.05802880600094795, 0.0
PR_34
RBT,( 0.461,  4.650,  0.091 ), (-0.000, -0.001,  0.000,  1.000 )
-0.06898918747901917, -0.07785435020923615, 0.0
0.14238397777080536, -0.013641832396388054, 0.0
0.19500167667865753, 0.020758412778377533, 0.0
0.1899714320898056, 0.10093609988689423, 0.0
-0.09093115478754044, 0.09411453455686569, 0.0
-0.20343632996082306, -0.08252575248479843, 0.0
PR_35
RBT,(-0.239,  4.320,  0.093 ), (-0.000, -0.001,  0.000,  1.000 )
-0.07502799481153488, -0.20534950494766235, 0.0
0.06970348954200745, -0.1640126258134842, 0.0
0.16855449974536896, 0.14488597214221954, 0.0
0.08959786593914032, 0.18227769434452057, 0.0
-0.00579012930393219, 0.1553678661584854, 0.0
-0.09006833285093307, 0.12826254963874817, 0.0
-0.13761703670024872, 0.06468763947486877, 0.0
-0.17374464869499207, -0.02244575321674347, 0.0
-0.18776066601276398, -0.11542405933141708, 0.0
PR_36
RBT,( 0.736,  3.654,  0.150 ), (-0.029, -0.101,  0.000,  0.995 )
-0.026603320613503456, -0.19973692297935486, 0.0
0.04177479073405266, -0.11445220559835434, 0.0
0.0958801731467247, 0.1424819678068161, 0.0
0.019435197114944458, 0.1806485801935196, 0.0
-0.008125637657940388, 0.13655509054660797, 0.0
-0.07462400197982788, -0.03517616540193558, 0.0
-0.07501140236854553, -0.1390082836151123, 0.0
PR_37
RBT,( 0.381,  3.615,  0.074 ), (-0.154, -0.680,  0.000,  0.717 )
0.042511843144893646, -0.07811826467514038, 0.0
0.0703984722495079, 0.04295427352190018, 0.0
-0.05049733817577362, 0.08504371345043182, 0.0
-0.07021398842334747, 0.027997029945254326, 0.0
-0.07177423685789108, -0.03578628599643707, 0.0
PR_38
RBT,(-3.417,  3.089,  0.503 ), ( 0.499,  0.499,  0.000,  0.708 )
-0.8202110528945923, -0.9532477259635925, 0.0
-0.6780217885971069, -0.8125771880149841, 0.0
0.7682307362556458, 0.6233659386634827, 0.0
0.8454810976982117, 0.7074365019798279, 0.0
0.9586445689201355, 0.8520655632019043, 0.0
0.8342888355255127, 0.9717748761177063, 0.0
-0.6960209012031555, -0.5576059222221375, 0.0
-0.956346869468689, -0.8302685022354126, 0.0
PR_39
RBT,(-5.314,  0.783,  0.180 ), (-0.001,  0.048,  0.000,  0.999 )
-1.6719950437545776, 0.5097558498382568, 0.0
-1.6120184659957886, 0.16604526340961456, 0.0
-1.5724064111709595, 0.012337629683315754, 0.0
-1.5075665712356567, -0.23146586120128632, 0.0
-1.460864543914795, -0.36852559447288513, 0.0
-1.3816330432891846, -0.594116747379303, 0.0
-1.3033310174942017, -0.7628097534179688, 0.0
-1.178999423980713, -0.7752561569213867, 0.0
-0.7239044308662415, -0.7766396403312683, 0.0
-0.057661619037389755, -0.7776002883911133, 0.0
0.9496396780014038, -0.7786737084388733, 0.0
1.1077377796173096, -0.7766776084899902, 0.0
1.1898223161697388, -0.7611242532730103, 0.0
1.2882392406463623, -0.7312803268432617, 0.0
1.370389461517334, 0.6671037077903748, 0.0
1.2932425737380981, 0.689443826675415, 0.0
1.1881263256072998, 0.7078787684440613, 0.0
0.40443047881126404, 0.7161020636558533, 0.0
0.03439335897564888, 0.7166597247123718, 0.0
-0.793631374835968, 0.7164298892021179, 0.0
-0.9788766503334045, 0.7163147330284119, 0.0
-1.2607160806655884, 0.7154718041419983, 0.0
-1.5840349197387695, 0.6833428144454956, 0.0
-1.6913305521011353, 0.6456552147865295, 0.0
PR_40
RBT,(-3.933,  3.267,  0.600 ), ( 0.000,  0.000,  0.000,  1.000 )
-1.176005244255066, -0.2769140899181366, 0.0
-0.6586450338363647, -0.7935832142829895, 0.0
-0.3963893949985504, -1.0549715757369995, 0.0
-0.26424160599708557, -0.9538520574569702, 0.0
0.36112943291664124, -0.3316637873649597, 0.0
0.7618921995162964, 0.06762055307626724, 0.0
1.2380601167678833, 0.5436182022094727, 0.0
1.3214975595474243, 0.6445350646972656, 0.0
1.33263099193573, 0.7271039485931396, 0.0
-0.1703285127878189, 0.7298641204833984, 0.0
-0.2688792943954468, 0.7021102905273438, 0.0
-0.33681952953338623, 0.6590554714202881, 0.0
-0.9234894514083862, 0.07791423797607422, 0.0
-0.9870985746383667, 0.014050479047000408, 0.0
-1.1853421926498413, -0.1890260875225067, 0.0
PR_41
RBT,(-5.631,  1.500,  0.100 ), (-0.706,  0.000,  0.000,  0.709 )
-1.2999237775802612, -0.1971631944179535, 0.0
-0.8854501247406006, -0.1979125440120697, 0.0
0.83762127161026, -0.029212888330221176, 0.0
1.4233412742614746, 0.029810182750225067, 0.0
1.45792555809021, 0.07990913838148117, 0.0
1.4057995080947876, 0.09955737739801407, 0.0
1.3145198822021484, 0.10068590939044952, 0.0
-0.1650124192237854, 0.09929350018501282, 0.0
-1.0972726345062256, 0.09841613471508026, 0.0
-1.1774221658706665, 0.09753090888261795, 0.0
-1.3188499212265015, 0.06226266548037529, 0.0
-1.3366278409957886, -0.03389777988195419, 0.0
-1.3508923053741455, -0.1576896458864212, 0.0
