PR_0
RBT,(-1.780,  1.992,  0.002 ), (-0.000,  0.002,  0.000,  1.000 )
-2.3396873474121094, -2.2596144676208496, 0.0
-2.253558397293091, -2.261197805404663, 0.0
1.6509027481079102, -1.224724531173706, 0.0
1.6508142948150635, -1.1270663738250732, 0.0
1.548490047454834, -0.7154010534286499, 0.0
1.452569842338562, -0.3473895490169525, 0.0
1.1741054058074951, 0.7155529856681824, 0.0
0.8125731348991394, 2.0722713470458984, 0.0
0.7293908596038818, 2.3797547817230225, 0.0
0.6859056949615479, 2.5238072872161865, 0.0
0.6483210921287537, 2.6254632472991943, 0.0
0.513174295425415, 2.6000728607177734, 0.0
-0.21640104055404663, 2.4072043895721436, 0.0
-0.3058279752731323, 2.383376359939575, 0.0
-0.4155074656009674, 2.344790458679199, 0.0
-2.327108860015869, -0.5949504971504211, 0.0
-2.351625680923462, -2.177917957305908, 0.0
PR_1
RBT,(-3.279,  3.227,  0.500 ), ( 0.498,  0.498,  0.000,  0.710 )
-1.0631293058395386, -1.0006581544876099, 0.0
-0.9979937672615051, -1.063926339149475, 0.0
-0.8989437818527222, -1.0415226221084595, 0.0
1.0256776809692383, 0.8844653964042664, 0.0
1.1486715078353882, 1.019127368927002, 0.0
1.1096128225326538, 1.0577383041381836, 0.0
1.0013917684555054, 1.1372510194778442, 0.0
0.9392320513725281, 1.0811634063720703, 0.0
0.5545596480369568, 0.6965161561965942, 0.0
-0.5292055606842041, -0.3873598277568817, 0.0
-1.0050634145736694, -0.8635231256484985, 0.0
-1.0966776609420776, -0.96269291639328, 0.0
PR_2
RBT,(-2.650,  3.009,  0.200 ), ( 0.001,  0.001,  0.000,  1.000 )
-1.2826637029647827, -1.1393721103668213, 0.0
-1.2587645053863525, -1.2135205268859863, 0.0
-1.1541732549667358, -1.317819595336914, 0.0
-1.0714188814163208, -1.3474379777908325, 0.0
-0.25613462924957275, -0.5378299951553345, 0.0
0.26379328966140747, -0.020803295075893402, 0.0
0.4718109369277954, 0.18723371624946594, 0.0
0.7365889549255371, 0.45209208130836487, 0.0
0.8839708566665649, 0.6013090014457703, 0.0
0.9776787161827087, 0.6983792185783386, 0.0
0.995422899723053, 0.746223509311676, 0.0
0.9706519842147827, 0.7911432981491089, 0.0
0.7456127405166626, 1.005702018737793, 0.0
0.46105310320854187, 0.7373775243759155, 0.0
0.36128464341163635, 0.6410872936248779, 0.0
0.19416473805904388, 0.4755178689956665, 0.0
-1.2101203203201294, -0.9288232326507568, 0.0
-1.301366925239563, -1.0375703573226929, 0.0
PR_3
RBT,(-2.660,  2.714,  0.099 ), ( 0.499,  0.499,  0.000,  0.708 )
-1.0260508060455322, -1.166197657585144, 0.0
-0.4729287028312683, -0.6145006418228149, 0.0
0.5601354241371155, 0.4200517237186432, 0.0
0.9381903409957886, 0.8078323602676392, 0.0
1.0553375482559204, 0.9335872530937195, 0.0
1.06441330909729, 0.9947023987770081, 0.0
0.9647851586341858, 1.0968756675720215, 0.0
0.00869531836360693, 0.15122514963150024, 0.0
-1.023995041847229, -0.8792072534561157, 0.0
-1.1467949151992798, -1.019910216331482, 0.0
PR_4
RBT,(-3.068,  3.134,  0.400 ), ( 0.001,  0.000,  0.000,  1.000 )
-1.1220906972885132, -1.0495046377182007, 0.0
-1.084128737449646, -1.0851229429244995, 0.0
-1.004165530204773, -1.1432360410690308, 0.0
-0.9173144698143005, -1.1189091205596924, 0.0
-0.8085565567016602, -1.0665093660354614, 0.0
-0.7476227879524231, -1.009393334388733, 0.0
0.8181908130645752, 0.5564396381378174, 0.0
1.0576210021972656, 0.7961686849594116, 0.0
1.1136833429336548, 0.8689426183700562, 0.0
1.0731151103973389, 0.9458691477775574, 0.0
0.9789429306983948, 0.9313737750053406, 0.0
0.6747057437896729, 0.8512046337127686, 0.0
0.5774528384208679, 0.8176974058151245, 0.0
0.43903177976608276, 0.738036572933197, 0.0
0.35636675357818604, 0.6605302691459656, 0.0
-0.6337816119194031, -0.3299289643764496, 0.0
-0.9257646203041077, -0.6410860419273376, 0.0
-1.1664501428604126, -0.9030901193618774, 0.0
-1.180561900138855, -0.9839606881141663, 0.0
PR_5
RBT,(-3.010,  2.929,  0.301 ), ( 0.499,  0.499,  0.000,  0.708 )
-1.020990014076233, -1.0104559659957886, 0.0
-0.9365559220314026, -1.0652697086334229, 0.0
-0.878115713596344, -1.023002028465271, 0.0
0.7262046933174133, 0.5967029333114624, 0.0
1.1487325429916382, 1.0468134880065918, 0.0
1.0296146869659424, 1.1590070724487305, 0.0
-1.0875598192214966, -0.9485864043235779, 0.0
PR_6
RBT,(-3.842,  3.266,  0.600 ), ( 0.000,  0.000,  0.000,  1.000 )
-0.9839931726455688, -0.5537447929382324, 0.0
-0.6472330689430237, -0.8881353735923767, 0.0
-0.5087782144546509, -1.0034863948822021, 0.0
-0.4235707223415375, -0.9605995416641235, 0.0
-0.2895728349685669, -0.8619127869606018, 0.0
1.1944202184677124, 0.591325044631958, 0.0
1.362589955329895, 0.8107685446739197, 0.0
1.223436951637268, 0.794265627861023, 0.0
-0.5430408120155334, 0.32862839102745056, 0.0
-0.8313966989517212, 0.24959678947925568, 0.0
-1.2303224802017212, -0.1358887255191803, 0.0
-1.2852550745010376, -0.23260274529457092, 0.0
PR_7
RBT,(-4.518,  0.727,  0.102 ), ( 0.000,  0.048,  0.000,  0.999 )
-0.7627512216567993, 0.41256579756736755, 0.0
-0.6713786721229553, 0.17371860146522522, 0.0
-0.6061210036277771, 0.016130199655890465, 0.0
-0.4702542722225189, -0.26822397112846375, 0.0
-0.44547075033187866, -0.3146369159221649, 0.0
-0.3843502700328827, -0.4285942018032074, 0.0
-0.22889961302280426, -0.6820708513259888, 0.0
-0.159576416015625, -0.7797775864601135, 0.0
-0.008454003371298313, -0.9898306131362915, 0.0
0.03486911952495575, -1.0445659160614014, 0.0
0.08679677546024323, -1.0897194147109985, 0.0
0.1558418720960617, -1.085529088973999, 0.0
0.33137473464012146, -1.0341975688934326, 0.0
0.42587971687316895, -0.9672582745552063, 0.0
1.4025607109069824, 0.3373260200023651, 0.0
1.4175097942352295, 0.38550230860710144, 0.0
1.361078143119812, 0.4343700408935547, 0.0
0.6167975068092346, 0.7562353014945984, 0.0
0.4284422695636749, 0.7675848007202148, 0.0
-0.7596455216407776, 0.741405189037323, 0.0
-0.7838389277458191, 0.47250744700431824, 0.0
PR_8
RBT,(-4.959,  1.500,  0.076 ), (-0.699,  0.000,  0.000,  0.715 )
-0.4111374020576477, -0.11169984936714172, 0.0
-0.31986498832702637, -0.10368723422288895, 0.0
0.04852203652262688, -0.0655994713306427, 0.0
0.6012783646583557, -0.008388161659240723, 0.0
0.328279972076416, 0.06831277161836624, 0.0
0.14803053438663483, 0.07540038228034973, 0.0
0.05067630112171173, 0.07747825235128403, 0.0
-0.14424413442611694, 0.07849500328302383, 0.0
-0.2371411770582199, 0.07625759392976761, 0.0
-0.32479289174079895, 0.07168897241353989, 0.0
-0.3824536204338074, 0.06030244380235672, 0.0
-0.41473689675331116, -0.04548126831650734, 0.0
PR_9
RBT,(-3.224,  4.038,  0.600 ), ( 0.000,  0.000,  0.000,  1.000 )
0.26694104075431824, 0.037841178476810455, 0.0
0.8644030094146729, 0.1960023194551468, 0.0
0.9931291937828064, 0.2362205684185028, 0.0
0.9973136782646179, 0.29767414927482605, 0.0
0.513678789138794, 0.17164777219295502, 0.0
-0.6086573004722595, -0.12431157380342484, 0.0
-1.145735502243042, -0.267027884721756, 0.0
-1.24864661693573, -0.31036022305488586, 0.0
-1.291503667831421, -0.37301379442214966, 0.0
