PR_0
RBT,( 0.000,  0.000,  0.000 ), ( 0.000,  0.000,  0.000,  1.000 )
-0.9510565162951535, -0.30901699437494756, 0.0
-0.587785252292473, -0.8090169943749475, 0.0
1.2246467991473532E-16, -1.0, 0.0
0.5877852522924732, -0.8090169943749473, 0.0
0.9510565162951536, -0.30901699437494734, 0.0
0.9510565162951535, 0.30901699437494745, 0.0
0.5877852522924731, 0.8090169943749475, 0.0
0.0, 1.0, 0.0
-0.5877852522924734, 0.8090169943749473, 0.0
-0.9510565162951536, 0.30901699437494723, 0.0
PR_1
RBT,( 0.000,  0.000,  0.000 ), ( 0.000,  0.000,  0.000,  1.000 )
0.0, 1.0, 0.0
0.5877852522924731, 0.8090169943749475, 0.0
0.8816778784387097, 1.2135254915624212, 0.0
0.0, 1.5, 0.0
PR_2
RBT,( 0.000,  0.000,  0.175 ), ( 0.000,  0.000,  0.000,  1.000 )
0.9510565162951535, 0.30901699437494745, 0.0
1.4265847744427302, 0.4635254915624212, 0.0
0.8816778784387097, 1.2135254915624212, 0.0
0.5877852522924731, 0.8090169943749475, 0.0
PR_3
RBT,( 0.000,  0.000,  0.350 ), ( 0.000,  0.000,  0.000,  1.000 )
0.9510565162951536, -0.30901699437494734, 0.0
1.4265847744427305, -0.463525491562421, 0.0
1.4265847744427302, 0.4635254915624212, 0.0
0.9510565162951535, 0.30901699437494745, 0.0
PR_4
RBT,( 0.000,  0.000,  0.525 ), ( 0.000,  0.000,  0.000,  1.000 )
0.8816778784387098, -1.213525491562421, 0.0
1.4265847744427305, -0.463525491562421, 0.0
0.9510565162951536, -0.30901699437494734, 0.0
0.5877852522924732, -0.8090169943749473, 0.0
PR_5
RBT,( 0.000,  0.000,  0.700 ), ( 0.000,  0.000,  0.000,  1.000 )
1.8369701987210297E-16, -1.5, 0.0
0.8816778784387098, -1.213525491562421, 0.0
0.5877852522924732, -0.8090169943749473, 0.0
1.2246467991473532E-16, -1.0, 0.0
PR_6
RBT,( 0.000,  0.000,  0.875 ), ( 0.000,  0.000,  0.000,  1.000 )
1.8369701987210297E-16, -1.5, 0.0
1.2246467991473532E-16, -1.0, 0.0
-0.587785252292473, -0.8090169943749475, 0.0
-0.8816778784387096, -1.2135254915624212, 0.0
PR_7
RBT,( 0.000,  0.000,  1.050 ), ( 0.000,  0.000,  0.000,  1.000 )
-0.8816778784387096, -1.2135254915624212, 0.0
-0.587785252292473, -0.8090169943749475, 0.0
-0.9510565162951535, -0.30901699437494756, 0.0
-1.4265847744427302, -0.46352549156242134, 0.0
PR_8
RBT,( 0.000,  0.000,  1.225 ), ( 0.000,  0.000,  0.000,  1.000 )
-1.4265847744427302, -0.46352549156242134, 0.0
-0.9510565162951535, -0.30901699437494756, 0.0
-0.9510565162951536, 0.30901699437494723, 0.0
-1.4265847744427305, 0.46352549156242084, 0.0
PR_9
RBT,( 0.000,  0.000,  1.400 ), ( 0.000,  0.000,  0.000,  1.000 )
-0.9510565162951536, 0.30901699437494723, 0.0
-0.5877852522924734, 0.8090169943749473, 0.0
-0.88167787843871, 1.213525491562421, 0.0
-1.4265847744427305, 0.46352549156242084, 0.0
PR_10
RBT,( 0.000,  0.000,  1.575 ), ( 0.000,  0.000,  0.000,  1.000 )
-0.5877852522924734, 0.8090169943749473, 0.0
-2.4492935982947064E-16, 1.0, 0.0
-3.6739403974420594E-16, 1.5, 0.0
-0.88167787843871, 1.213525491562421, 0.0
