PR_0
RBT,(-2.711,  2.069,  0.002 ), (-0.000,  0.001,  0.000,  1.000 )
-3.8297479152679443, 0.17461715638637543, 0.0
-1.3151731491088867, -1.3124504089355469, 0.0
-0.9002927541732788, -1.4809662103652954, 0.0
-0.7695557475090027, -1.5310654640197754, 0.0
-0.1879119575023651, -1.7477028369903564, 0.0
0.7171500325202942, -0.22546935081481934, 0.0
1.6949485540390015, 1.6844357252120972, 0.0
1.7117397785186768, 1.735400915145874, 0.0
1.6546030044555664, 1.795210599899292, 0.0
1.6040916442871094, 1.8271714448928833, 0.0
1.5536019802093506, 1.8573758602142334, 0.0
1.3818262815475464, 1.9504356384277344, 0.0
1.2171943187713623, 2.0390865802764893, 0.0
1.1538405418395996, 2.073108434677124, 0.0
-3.7662596702575684, 0.3047854006290436, 0.0
-3.844411849975586, 0.2670820951461792, 0.0
-3.86496639251709, 0.21919840574264526, 0.0
PR_1
RBT,(-2.818,  2.838,  0.200 ), ( 0.001,  0.001,  0.000,  1.000 )
-1.0881433486938477, -1.0524870157241821, 0.0
-0.9325313568115234, -1.187996745109558, 0.0
-0.8360497355461121, -1.1071736812591553, 0.0
-0.7306877374649048, -1.0103484392166138, 0.0
-0.058044061064720154, -0.33999601006507874, 0.0
1.0096732378005981, 0.7272014021873474, 0.0
1.1003468036651611, 0.8182593584060669, 0.0
1.1665018796920776, 0.8906425833702087, 0.0
1.0700089931488037, 1.0069568157196045, 0.0
0.9497293829917908, 1.128044843673706, 0.0
0.8954353332519531, 1.1782066822052002, 0.0
0.5479406118392944, 0.8319395780563354, 0.0
-0.9221742749214172, -0.6372615694999695, 0.0
-1.0704089403152466, -0.7865543961524963, 0.0
-1.1510941982269287, -0.8683649897575378, 0.0
-1.1916829347610474, -0.9480982422828674, 0.0
PR_2
RBT,(-3.104,  3.117,  0.400 ), ( 0.000,  0.000,  0.000,  1.000 )
-1.124185562133789, -1.0038082599639893, 0.0
-0.986466109752655, -1.1418260335922241, 0.0
-0.9257431030273438, -1.200846552848816, 0.0
-0.866349458694458, -1.146803855895996, 0.0
-0.4066634774208069, -0.6879920959472656, 0.0
1.0641762018203735, 0.7812336683273315, 0.0
1.1616296768188477, 0.8838091492652893, 0.0
1.1339439153671265, 0.9668359160423279, 0.0
0.988551139831543, 1.1097629070281982, 0.0
0.9135260581970215, 1.1544315814971924, 0.0
0.7573245763778687, 1.0376027822494507, 0.0
0.6373562216758728, 0.9202888607978821, 0.0
0.33017829060554504, 0.6139719486236572, 0.0
-0.978894054889679, -0.6946731805801392, 0.0
-1.1213433742523193, -0.8520617485046387, 0.0
-1.1875346899032593, -0.9363002181053162, 0.0
PR_3
RBT,(-3.722,  3.690,  0.600 ), (-0.000, -0.000,  0.000,  1.000 )
-1.3691450357437134, -0.7171218991279602, 0.0
-0.8950024247169495, -1.1898894309997559, 0.0
-0.8281422853469849, -1.255634069442749, 0.0
-0.7093216180801392, -1.3694753646850586, 0.0
-0.6242004632949829, -1.44118070602417, 0.0
-0.5678716897964478, -1.439974069595337, 0.0
-0.5133190751075745, -1.419400930404663, 0.0
0.22973337769508362, -0.6765351891517639, 0.0
0.582781195640564, -0.32155707478523254, 0.0
1.016662359237671, 0.11611077189445496, 0.0
1.398330569267273, 0.5263649821281433, 0.0
1.4975758790969849, 0.6471636295318604, 0.0
0.7449434995651245, 1.4074232578277588, 0.0
0.690106987953186, 1.4419939517974854, 0.0
0.6112607717514038, 1.388793706893921, 0.0
0.5508745908737183, 1.3352715969085693, 0.0
0.281475692987442, 1.071699857711792, 0.0
-0.23985500633716583, 0.5507161617279053, 0.0
-1.4203606843948364, -0.6296918392181396, 0.0
PR_4
RBT,(-3.256,  3.250,  0.504 ), ( 0.498,  0.498,  0.000,  0.709 )
-1.0435751676559448, -1.0640857219696045, 0.0
-0.9819099307060242, -1.1143044233322144, 0.0
-0.7767062187194824, -0.9156544804573059, 0.0
0.5885322093963623, 0.4419660270214081, 0.0
0.8971537947654724, 0.7501771450042725, 0.0
1.0851984024047852, 0.9385308027267456, 0.0
1.1262991428375244, 0.9892098903656006, 0.0
0.9924649000167847, 1.1268746852874756, 0.0
0.9349673986434937, 1.071272850036621, 0.0
-0.13916565477848053, -0.0018014704110100865, 0.0
-1.1218934059143066, -0.9862698316574097, 0.0
PR_5
RBT,(-2.980,  2.959,  0.299 ), ( 0.500,  0.500,  0.000,  0.707 )
-1.0007573366165161, -1.091454029083252, 0.0
-0.8290587663650513, -0.9520944952964783, 0.0
-0.6454834342002869, -0.7739884257316589, 0.0
1.1290583610534668, 0.9886557459831238, 0.0
1.0161927938461304, 1.1197477579116821, 0.0
0.8460184931755066, 0.974128007888794, 0.0
-0.8957752585411072, -0.7643569707870483, 0.0
-1.0760598182678223, -0.9455944299697876, 0.0
-1.0822020769119263, -1.008251667022705, 0.0
PR_6
RBT,(-2.636,  2.738,  0.095 ), ( 0.500,  0.500,  0.000,  0.707 )
-1.075936198234558, -1.1399667263031006, 0.0
-0.9877448678016663, -1.1122087240219116, 0.0
-0.9265312552452087, -1.0534850358963013, 0.0
-0.5191934108734131, -0.6542673707008362, 0.0
1.0160719156265259, 0.8811722993850708, 0.0
1.0492885112762451, 0.9592105150222778, 0.0
1.0021098852157593, 1.0132358074188232, 0.0
0.9275344014167786, 1.0689915418624878, 0.0
-1.1621078252792358, -1.0229390859603882, 0.0
PR_7
RBT,(-4.358,  1.296,  0.086 ), (-0.001,  0.050,  0.000,  0.999 )
-0.21412667632102966, -0.18701334297657013, 0.0
-0.09125085175037384, -0.2368767410516739, 0.0
0.08680494129657745, -0.30891913175582886, 0.0
0.3127293288707733, -0.399867981672287, 0.0
0.3277999758720398, -0.04995158314704895, 0.0
0.3285248875617981, 0.0127365468069911, 0.0
0.3098171353340149, 0.08996201306581497, 0.0
0.26931148767471313, 0.19565045833587646, 0.0
-0.17100803554058075, 0.20422454178333282, 0.0
-0.6967332363128662, 0.19590602815151215, 0.0
PR_8
RBT,(-4.703,  1.500,  0.061 ), (-0.707,  0.000,  0.000,  0.707 )
-0.22013027966022491, -0.065043605864048, 0.0
0.3574047088623047, -0.022797539830207825, 0.0
0.3798955976963043, 0.0505966991186142, 0.0
0.16602358222007751, 0.05043991282582283, 0.0
-0.30076250433921814, 0.03995220363140106, 0.0
-0.3150034248828888, -0.04846789315342903, 0.0
PR_9
RBT,(-4.800,  1.081,  0.130 ), ( 0.001,  0.049,  0.000,  0.999 )
0.6951398849487305, -0.28960028290748596, 0.0
0.7507230639457703, -0.2905903160572052, 0.0
-0.6541475057601929, 0.2735183835029602, 0.0
-0.7370516657829285, 0.3059367537498474, 0.0
-0.8321390151977539, 0.30504411458969116, 0.0
PR_10
RBT,(-6.177,  5.757, -0.000 ), (-0.000, -0.000,  0.000,  1.000 )
-2.586871385574341, -1.9735265970230103, 0.0
-2.2083821296691895, -2.0808792114257812, 0.0
-2.1132547855377197, -2.10390043258667, 0.0
0.07692546397447586, -2.626826047897339, 0.0
5.091131210327148, -0.5041983723640442, 0.0
5.131514549255371, -0.47196272015571594, 0.0
5.147799491882324, -0.3972543179988861, 0.0
5.079789638519287, -0.3444274663925171, 0.0
-1.323362112045288, 2.92695951461792, 0.0
-1.7001855373382568, 3.015256404876709, 0.0
-2.08913254737854, 3.021479368209839, 0.0
-2.1404709815979004, 2.9887092113494873, 0.0
-2.3949949741363525, 2.7978224754333496, 0.0
-2.576251268386841, 2.5916380882263184, 0.0
-2.936159372329712, 2.150723457336426, 0.0
-3.4197065830230713, 1.249346375465393, 0.0
-3.4571497440338135, 1.1740871667861938, 0.0
-3.5039455890655518, 1.0600892305374146, 0.0
-3.652162790298462, 0.5778529047966003, 0.0
-3.764803171157837, -0.12921269237995148, 0.0
-3.783857583999634, -0.27364814281463623, 0.0
PR_11
RBT,(-4.317,  4.187,  0.400 ), (-0.001, -0.001,  0.000,  1.000 )
-0.8950095772743225, -1.0927461385726929, 0.0
-0.8256306648254395, -1.114866852760315, 0.0
-0.7572996616363525, -1.0581289529800415, 0.0
-0.5928866863250732, -0.8939088582992554, 0.0
1.1630618572235107, 0.8614445924758911, 0.0
1.2498602867126465, 0.9746214151382446, 0.0
1.182704210281372, 1.0643417835235596, 0.0
1.1100177764892578, 1.1323801279067993, 0.0
0.9997740983963013, 1.2338017225265503, 0.0
0.8536543846130371, 1.1180285215377808, 0.0
0.09246829897165298, 0.35728347301483154, 0.0
-0.8660867810249329, -0.6011756658554077, 0.0
-1.0731602907180786, -0.8158424496650696, 0.0
-1.0920252799987793, -0.8923863768577576, 0.0
PR_12
RBT,(-4.578,  4.485,  0.200 ), (-0.001, -0.001,  0.000,  1.000 )
-1.1048498153686523, -0.9153505563735962, 0.0
-0.8653863072395325, -1.1616300344467163, 0.0
0.5214883089065552, 0.22619955241680145, 0.0
0.9229611754417419, 0.6285929679870605, 0.0
1.1271902322769165, 0.8341304063796997, 0.0
1.1663503646850586, 0.8852126598358154, 0.0
1.2236002683639526, 0.971085786819458, 0.0
1.1463804244995117, 1.0655642747879028, 0.0
1.0268534421920776, 1.180301547050476, 0.0
0.9648160338401794, 1.2262330055236816, 0.0
0.8871585726737976, 1.1573725938796997, 0.0
0.6517022848129272, 0.9222100973129272, 0.0
-0.22581498324871063, 0.04469350725412369, 0.0
-0.8287517428398132, -0.5588545203208923, 0.0
-1.1411097049713135, -0.8718867301940918, 0.0
PR_13
RBT,(-6.122,  2.993, -0.000 ), ( 0.000,  0.000,  0.000,  1.000 )
-0.1496371030807495, -0.08453185111284256, 0.0
0.2177206426858902, -0.03449448570609093, 0.0
0.27267658710479736, 0.005137599539011717, 0.0
-0.21009814739227295, 0.09484856575727463, 0.0
PR_14
RBT,(-4.055,  4.147,  0.498 ), (-0.499, -0.499,  0.000,  0.708 )
-1.0589759349822998, -1.136033058166504, 0.0
-0.9164868593215942, -1.0573009252548218, 0.0
0.9315966367721558, 0.7874463796615601, 0.0
0.9683894515037537, 0.8243352770805359, 0.0
1.0720009803771973, 0.937850832939148, 0.0
0.9925091862678528, 1.0367729663848877, 0.0
0.9495786428451538, 1.0789576768875122, 0.0
0.7171911597251892, 0.8561781048774719, 0.0
0.13433605432510376, 0.27328917384147644, 0.0
-0.9784954786300659, -0.8528168201446533, 0.0
-1.087986946105957, -0.9820708632469177, 0.0
-1.1348590850830078, -1.0781744718551636, 0.0
PR_15
RBT,(-4.334,  4.435,  0.294 ), (-0.500, -0.500,  0.000,  0.708 )
-1.0931001901626587, -1.1226047277450562, 0.0
-1.0310417413711548, -1.1529755592346191, 0.0
-0.39904871582984924, -0.5446395874023438, 0.0
0.9715972542762756, 0.8308842778205872, 0.0
1.0415356159210205, 0.9396122694015503, 0.0
0.9292452335357666, 1.0530892610549927, 0.0
0.8260632157325745, 0.9547222256660461, 0.0
0.6951708793640137, 0.8279340267181396, 0.0
-0.8626569509506226, -0.7379680871963501, 0.0
-1.1584515571594238, -1.0393937826156616, 0.0
PR_16
RBT,(-4.651,  4.683,  0.097 ), (-0.500, -0.500,  0.000,  0.707 )
-0.9169050455093384, -0.9735307097434998, 0.0
-0.8498650789260864, -0.9639642238616943, 0.0
-0.36595040559768677, -0.4971344769001007, 0.0
-0.00702089536935091, -0.14296823740005493, 0.0
0.7682876586914062, 0.6386836767196655, 0.0
1.0814545154571533, 0.9822742342948914, 0.0
1.0521124601364136, 1.023324728012085, 0.0
0.9969501495361328, 1.0707467794418335, 0.0
0.8954363465309143, 1.009395956993103, 0.0
0.31249716877937317, 0.43633681535720825, 0.0
-0.7519975304603577, -0.6148591041564941, 0.0
-0.9024223685264587, -0.765854001045227, 0.0
-0.9870945811271667, -0.8874762654304504, 0.0
-0.9928473234176636, -0.9549131393432617, 0.0
