PR_0
RBT,( 1.000,  0.500,  0.000 ), ( 0.000,  0.000,  0.000,  1.000 )
-0.975, -0.475, 0.0
0.975, -0.475, 0.0
0.975, 0.475, 0.0
-0.975, 0.475, 0.0
PR_1
RBT,( 2.500, -3.500,  0.000 ), ( 0.000,  0.000,  0.000,  1.000 )
-0.475, -6.475, 0.0
0.475, -6.475, 0.0
0.475, 6.475, 0.0
-0.475, 6.475, 0.0
PR_2
RBT,( 4.500,  2.500,  0.000 ), ( 0.000,  0.000,  0.000,  1.000 )
-1.475, -0.475, 0.0
1.475, -0.475, 0.0
1.475, 0.475, 0.0
-1.475, 0.475, 0.0
PR_3
RBT,( 4.500,  2.950,  0.500 ), ( 0.000,  0.707,  0.000,  0.707 )
-0.5, -0.25, 0.0
0.5, -0.25, 0.0
0.5, 0.25, 0.0
-0.5, 0.25, 0.0
PR_4
RBT,( 4.500,  2.050,  0.500 ), ( 0.000,  0.707,  0.000,  0.707 )
-0.5, -0.25, 0.0
0.5, -0.25, 0.0
0.5, 0.25, 0.0
-0.5, 0.25, 0.0
PR_5
RBT,( 3.500,  0.500,  0.500 ), ( 0.000, -0.383,  0.000,  0.924 )
-0.7071067811865476, -0.5, 0.0
0.7071067811865476, -0.5, 0.0
0.7071067811865476, 0.5, 0.0
-0.7071067811865476, 0.5, 0.0
PR_6
RBT,( 4.500,  0.500,  1.000 ), ( 0.000,  0.000,  0.000,  1.000 )
-0.475, -0.475, 0.0
0.475, -0.475, 0.0
0.475, 0.475, 0.0
-0.475, 0.475, 0.0
PR_7
RBT,( 5.500,  0.500,  0.500 ), ( 0.000,  0.383,  0.000,  0.924 )
-0.7071067811865476, -0.5, 0.0
0.7071067811865476, -0.5, 0.0
0.7071067811865476, 0.5, 0.0
-0.7071067811865476, 0.5, 0.0
PR_8
RBT,( 3.500, -1.500,  0.000 ), ( 0.000,  0.000,  0.000,  1.000 )
-0.475, -0.475, 0.0
0.475, -0.475, 0.0
0.475, 0.475, 0.0
-0.475, 0.475, 0.0
PR_9
RBT,( 4.500, -1.500, -0.400 ), ( 0.000,  0.000,  0.000,  1.000 )
-0.475, -0.475, 0.0
0.475, -0.475, 0.0
0.475, 0.475, 0.0
-0.475, 0.475, 0.0
PR_10
RBT,( 5.500, -1.500,  0.000 ), ( 0.000,  0.000,  0.000,  1.000 )
-0.475, -0.475, 0.0
0.475, -0.475, 0.0
0.475, 0.475, 0.0
-0.475, 0.475, 0.0
PR_11
RBT,( 3.500, -3.500,  0.000 ), ( 0.000,  0.000,  0.000,  1.000 )
-0.475, -0.475, 0.0
0.475, -0.475, 0.0
0.475, 0.475, 0.0
-0.475, 0.475, 0.0
PR_12
RBT,( 4.500, -3.500,  0.400 ), ( 0.000,  0.000,  0.000,  1.000 )
-0.475, -0.475, 0.0
0.475, -0.475, 0.0
0.475, 0.475, 0.0
-0.475, 0.475, 0.0
PR_13
RBT,( 5.500, -3.500,  0.000 ), ( 0.000,  0.000,  0.000,  1.000 )
-0.475, -0.475, 0.0
0.475, -0.475, 0.0
0.475, 0.475, 0.0
-0.475, 0.475, 0.0
PR_14
RBT,( 4.500, -5.500,  0.000 ), ( 0.000,  0.000,  0.000,  1.000 )
-1.475, -0.475, 0.0
1.475, -0.475, 0.0
1.475, 0.475, 0.0
-1.475, 0.475, 0.0
PR_15
RBT,( 4.500, -5.500,  0.750 ), ( 0.000,  0.707,  0.000,  0.707 )
-0.75, -0.4, 0.0
0.75, -0.4, 0.0
0.75, 0.4, 0.0
-0.75, 0.4, 0.0
PR_16
RBT,( 3.500, -7.500,  0.000 ), ( 0.000,  0.000,  0.000,  1.000 )
-0.475, -0.475, 0.0
0.475, -0.475, 0.0
0.475, 0.475, 0.0
-0.475, 0.475, 0.0
PR_17
RBT,( 5.500, -7.500,  0.000 ), ( 0.000,  0.000,  0.000,  1.000 )
-0.475, -0.475, 0.0
0.475, -0.475, 0.0
0.475, 0.475, 0.0
-0.475, 0.475, 0.0
PR_18
RBT,( 6.500, -3.500,  0.010 ), ( 0.000,  0.000,  0.000,  1.000 )
-0.475, -6.475, 0.0
0.475, -6.475, 0.0
0.475, 6.475, 0.0
-0.475, 6.475, 0.0
PR_19
RBT,( 8.000, -3.500,  0.010 ), ( 0.000,  0.000,  0.000,  1.000 )
-0.975, -0.475, 0.0
0.975, -0.475, 0.0
0.975, 0.475, 0.0
-0.975, 0.475, 0.0
PR_20
RBT,( 4.500, -9.500,  2.500 ), ( 0.000,  0.000,  0.000,  1.000 )
-0.75, -0.4, 0.0
0.75, -0.4, 0.0
0.75, 0.4, 0.0
-0.75, 0.4, 0.0
PR_21
RBT,( 3.000, -8.950,  0.500 ), ( 0.000,  0.707,  0.000,  0.707 )
-0.5, -0.1, 0.0
0.5, -0.1, 0.0
0.5, 0.1, 0.0
-0.5, 0.1, 0.0
PR_22
RBT,( 3.000, -10.050,  0.500 ), ( 0.000,  0.707,  0.000,  0.707 )
-0.5, -0.1, 0.0
0.5, -0.1, 0.0
0.5, 0.1, 0.0
-0.5, 0.1, 0.0
PR_23
RBT,( 3.000, -9.500,  0.001 ), ( 0.000,  0.000,  0.000,  1.000 )
-0.3, -0.5, 0.0
0.3, -0.5, 0.0
0.3, 0.5, 0.0
-0.3, 0.5, 0.0
PR_24
RBT,( 3.500, -9.875,  0.201 ), ( 0.000,  0.000,  0.000,  1.000 )
-0.125, -0.125, 0.0
0.125, -0.125, 0.0
0.125, 0.125, 0.0
-0.125, 0.125, 0.0
PR_25
RBT,( 3.500, -9.875,  0.001 ), ( 0.000,  1.000,  0.000,  0.000 )
-0.125, -0.125, 0.0
0.125, -0.125, 0.0
0.125, 0.125, 0.0
-0.125, 0.125, 0.0
PR_26
RBT,( 3.625, -9.875,  0.101 ), ( 0.000,  0.707,  0.000,  0.707 )
-0.1, -0.125, 0.0
0.1, -0.125, 0.0
0.1, 0.125, 0.0
-0.1, 0.125, 0.0
PR_27
RBT,( 3.375, -9.875,  0.101 ), ( 0.000, -0.707, -0.000,  0.707 )
-0.1, -0.125, 0.0
0.1, -0.125, 0.0
0.1, 0.125, 0.0
-0.1, 0.125, 0.0
PR_28
RBT,( 3.500, -10.000,  0.101 ), ( 0.707,  0.000,  0.000,  0.707 )
-0.125, -0.1, 0.0
0.125, -0.1, 0.0
0.125, 0.1, 0.0
-0.125, 0.1, 0.0
PR_29
RBT,( 3.500, -9.750,  0.101 ), (-0.707,  0.000,  0.000,  0.707 )
-0.125, -0.1, 0.0
0.125, -0.1, 0.0
0.125, 0.1, 0.0
-0.125, 0.1, 0.0
PR_30
RBT,( 3.552, -9.625,  0.194 ), ( 0.000,  0.131,  0.000,  0.991 )
-0.125, -0.125, 0.0
0.125, -0.125, 0.0
0.125, 0.125, 0.0
-0.125, 0.125, 0.0
PR_31
RBT,( 3.500, -9.625,  0.001 ), ( 0.000,  0.991,  0.000, -0.131 )
-0.125, -0.125, 0.0
0.125, -0.125, 0.0
0.125, 0.125, 0.0
-0.125, 0.125, 0.0
PR_32
RBT,( 3.647, -9.625,  0.065 ), ( 0.000,  0.793,  0.000,  0.609 )
-0.1, -0.125, 0.0
0.1, -0.125, 0.0
0.1, 0.125, 0.0
-0.1, 0.125, 0.0
PR_33
RBT,( 3.405, -9.625,  0.130 ), ( 0.000, -0.609, -0.000,  0.793 )
-0.1, -0.125, 0.0
0.1, -0.125, 0.0
0.1, 0.125, 0.0
-0.1, 0.125, 0.0
PR_34
RBT,( 3.526, -9.750,  0.098 ), ( 0.701,  0.092, -0.092,  0.701 )
-0.125, -0.1, 0.0
0.125, -0.1, 0.0
0.125, 0.1, 0.0
-0.125, 0.1, 0.0
PR_35
RBT,( 3.526, -9.500,  0.098 ), (-0.701,  0.092,  0.092,  0.701 )
-0.125, -0.1, 0.0
0.125, -0.1, 0.0
0.125, 0.1, 0.0
-0.125, 0.1, 0.0
PR_36
RBT,( 3.500, -9.323,  0.194 ), (-0.131,  0.000,  0.000,  0.991 )
-0.125, -0.125, 0.0
0.125, -0.125, 0.0
0.125, 0.125, 0.0
-0.125, 0.125, 0.0
PR_37
RBT,( 3.500, -9.375,  0.001 ), (-0.000,  0.991, -0.131,  0.000 )
-0.125, -0.125, 0.0
0.125, -0.125, 0.0
0.125, 0.125, 0.0
-0.125, 0.125, 0.0
PR_38
RBT,( 3.625, -9.349,  0.098 ), (-0.092,  0.701, -0.092,  0.701 )
-0.1, -0.125, 0.0
0.1, -0.125, 0.0
0.1, 0.125, 0.0
-0.1, 0.125, 0.0
PR_39
RBT,( 3.375, -9.349,  0.098 ), (-0.092, -0.701,  0.092,  0.701 )
-0.1, -0.125, 0.0
0.1, -0.125, 0.0
0.1, 0.125, 0.0
-0.1, 0.125, 0.0
PR_40
RBT,( 3.500, -9.470,  0.130 ), ( 0.609,  0.000,  0.000,  0.793 )
-0.125, -0.1, 0.0
0.125, -0.1, 0.0
0.125, 0.1, 0.0
-0.125, 0.1, 0.0
PR_41
RBT,( 3.500, -9.228,  0.065 ), (-0.793,  0.000,  0.000,  0.609 )
-0.125, -0.1, 0.0
0.125, -0.1, 0.0
0.125, 0.1, 0.0
-0.125, 0.1, 0.0
PR_42
RBT,( 3.500, -9.125,  0.201 ), ( 0.000,  0.000,  0.000,  1.000 )
-0.125, -0.125, 0.0
0.125, -0.125, 0.0
0.125, 0.125, 0.0
-0.125, 0.125, 0.0
PR_43
RBT,( 3.500, -9.125,  0.001 ), ( 0.000,  1.000,  0.000,  0.000 )
-0.125, -0.125, 0.0
0.125, -0.125, 0.0
0.125, 0.125, 0.0
-0.125, 0.125, 0.0
PR_44
RBT,( 3.625, -9.125,  0.101 ), ( 0.000,  0.707,  0.000,  0.707 )
-0.1, -0.125, 0.0
0.1, -0.125, 0.0
0.1, 0.125, 0.0
-0.1, 0.125, 0.0
PR_45
RBT,( 3.375, -9.125,  0.101 ), ( 0.000, -0.707, -0.000,  0.707 )
-0.1, -0.125, 0.0
0.1, -0.125, 0.0
0.1, 0.125, 0.0
-0.1, 0.125, 0.0
PR_46
RBT,( 3.500, -9.250,  0.101 ), ( 0.707,  0.000,  0.000,  0.707 )
-0.125, -0.1, 0.0
0.125, -0.1, 0.0
0.125, 0.1, 0.0
-0.125, 0.1, 0.0
PR_47
RBT,( 3.500, -9.000,  0.101 ), (-0.707,  0.000,  0.000,  0.707 )
-0.125, -0.1, 0.0
0.125, -0.1, 0.0
0.125, 0.1, 0.0
-0.125, 0.1, 0.0
PR_48
RBT,( 3.750, -9.927,  0.194 ), ( 0.131,  0.000,  0.000,  0.991 )
-0.125, -0.125, 0.0
0.125, -0.125, 0.0
0.125, 0.125, 0.0
-0.125, 0.125, 0.0
PR_49
RBT,( 3.750, -9.875,  0.001 ), ( 0.000,  0.991,  0.131,  0.000 )
-0.125, -0.125, 0.0
0.125, -0.125, 0.0
0.125, 0.125, 0.0
-0.125, 0.125, 0.0
PR_50
RBT,( 3.875, -9.901,  0.098 ), ( 0.092,  0.701,  0.092,  0.701 )
-0.1, -0.125, 0.0
0.1, -0.125, 0.0
0.1, 0.125, 0.0
-0.1, 0.125, 0.0
PR_51
RBT,( 3.625, -9.901,  0.098 ), ( 0.092, -0.701, -0.092,  0.701 )
-0.1, -0.125, 0.0
0.1, -0.125, 0.0
0.1, 0.125, 0.0
-0.1, 0.125, 0.0
PR_52
RBT,( 3.750, -10.022,  0.065 ), ( 0.793,  0.000,  0.000,  0.609 )
-0.125, -0.1, 0.0
0.125, -0.1, 0.0
0.125, 0.1, 0.0
-0.125, 0.1, 0.0
PR_53
RBT,( 3.750, -9.780,  0.130 ), (-0.609,  0.000,  0.000,  0.793 )
-0.125, -0.1, 0.0
0.125, -0.1, 0.0
0.125, 0.1, 0.0
-0.125, 0.1, 0.0
PR_54
RBT,( 3.750, -9.625,  0.201 ), ( 0.000,  0.000,  0.000,  1.000 )
-0.125, -0.125, 0.0
0.125, -0.125, 0.0
0.125, 0.125, 0.0
-0.125, 0.125, 0.0
PR_55
RBT,( 3.750, -9.625,  0.001 ), ( 0.000,  1.000,  0.000,  0.000 )
-0.125, -0.125, 0.0
0.125, -0.125, 0.0
0.125, 0.125, 0.0
-0.125, 0.125, 0.0
PR_56
RBT,( 3.875, -9.625,  0.101 ), ( 0.000,  0.707,  0.000,  0.707 )
-0.1, -0.125, 0.0
0.1, -0.125, 0.0
0.1, 0.125, 0.0
-0.1, 0.125, 0.0
PR_57
RBT,( 3.625, -9.625,  0.101 ), ( 0.000, -0.707, -0.000,  0.707 )
-0.1, -0.125, 0.0
0.1, -0.125, 0.0
0.1, 0.125, 0.0
-0.1, 0.125, 0.0
PR_58
RBT,( 3.750, -9.750,  0.101 ), ( 0.707,  0.000,  0.000,  0.707 )
-0.125, -0.1, 0.0
0.125, -0.1, 0.0
0.125, 0.1, 0.0
-0.125, 0.1, 0.0
PR_59
RBT,( 3.750, -9.500,  0.101 ), (-0.707,  0.000,  0.000,  0.707 )
-0.125, -0.1, 0.0
0.125, -0.1, 0.0
0.125, 0.1, 0.0
-0.125, 0.1, 0.0
PR_60
RBT,( 3.698, -9.375,  0.194 ), ( 0.000, -0.131,  0.000,  0.991 )
-0.125, -0.125, 0.0
0.125, -0.125, 0.0
0.125, 0.125, 0.0
-0.125, 0.125, 0.0
PR_61
RBT,( 3.750, -9.375,  0.001 ), ( 0.000,  0.991,  0.000,  0.131 )
-0.125, -0.125, 0.0
0.125, -0.125, 0.0
0.125, 0.125, 0.0
-0.125, 0.125, 0.0
PR_62
RBT,( 3.845, -9.375,  0.130 ), ( 0.000,  0.609,  0.000,  0.793 )
-0.1, -0.125, 0.0
0.1, -0.125, 0.0
0.1, 0.125, 0.0
-0.1, 0.125, 0.0
PR_63
RBT,( 3.603, -9.375,  0.065 ), ( 0.000, -0.793, -0.000,  0.609 )
-0.1, -0.125, 0.0
0.1, -0.125, 0.0
0.1, 0.125, 0.0
-0.1, 0.125, 0.0
PR_64
RBT,( 3.724, -9.500,  0.098 ), ( 0.701, -0.092,  0.092,  0.701 )
-0.125, -0.1, 0.0
0.125, -0.1, 0.0
0.125, 0.1, 0.0
-0.125, 0.1, 0.0
PR_65
RBT,( 3.724, -9.250,  0.098 ), (-0.701, -0.092, -0.092,  0.701 )
-0.125, -0.1, 0.0
0.125, -0.1, 0.0
0.125, 0.1, 0.0
-0.125, 0.1, 0.0
PR_66
RBT,( 3.698, -9.125,  0.194 ), ( 0.000, -0.131,  0.000,  0.991 )
-0.125, -0.125, 0.0
0.125, -0.125, 0.0
0.125, 0.125, 0.0
-0.125, 0.125, 0.0
PR_67
RBT,( 3.750, -9.125,  0.001 ), ( 0.000,  0.991,  0.000,  0.131 )
-0.125, -0.125, 0.0
0.125, -0.125, 0.0
0.125, 0.125, 0.0
-0.125, 0.125, 0.0
PR_68
RBT,( 3.845, -9.125,  0.130 ), ( 0.000,  0.609,  0.000,  0.793 )
-0.1, -0.125, 0.0
0.1, -0.125, 0.0
0.1, 0.125, 0.0
-0.1, 0.125, 0.0
PR_69
RBT,( 3.603, -9.125,  0.065 ), ( 0.000, -0.793, -0.000,  0.609 )
-0.1, -0.125, 0.0
0.1, -0.125, 0.0
0.1, 0.125, 0.0
-0.1, 0.125, 0.0
PR_70
RBT,( 3.724, -9.250,  0.098 ), ( 0.701, -0.092,  0.092,  0.701 )
-0.125, -0.1, 0.0
0.125, -0.1, 0.0
0.125, 0.1, 0.0
-0.125, 0.1, 0.0
PR_71
RBT,( 3.724, -9.000,  0.098 ), (-0.701, -0.092, -0.092,  0.701 )
-0.125, -0.1, 0.0
0.125, -0.1, 0.0
0.125, 0.1, 0.0
-0.125, 0.1, 0.0
PR_72
RBT,( 3.948, -9.875,  0.194 ), ( 0.000, -0.131,  0.000,  0.991 )
-0.125, -0.125, 0.0
0.125, -0.125, 0.0
0.125, 0.125, 0.0
-0.125, 0.125, 0.0
PR_73
RBT,( 4.000, -9.875,  0.001 ), ( 0.000,  0.991,  0.000,  0.131 )
-0.125, -0.125, 0.0
0.125, -0.125, 0.0
0.125, 0.125, 0.0
-0.125, 0.125, 0.0
PR_74
RBT,( 4.095, -9.875,  0.130 ), ( 0.000,  0.609,  0.000,  0.793 )
-0.1, -0.125, 0.0
0.1, -0.125, 0.0
0.1, 0.125, 0.0
-0.1, 0.125, 0.0
PR_75
RBT,( 3.853, -9.875,  0.065 ), ( 0.000, -0.793, -0.000,  0.609 )
-0.1, -0.125, 0.0
0.1, -0.125, 0.0
0.1, 0.125, 0.0
-0.1, 0.125, 0.0
PR_76
RBT,( 3.974, -10.000,  0.098 ), ( 0.701, -0.092,  0.092,  0.701 )
-0.125, -0.1, 0.0
0.125, -0.1, 0.0
0.125, 0.1, 0.0
-0.125, 0.1, 0.0
PR_77
RBT,( 3.974, -9.750,  0.098 ), (-0.701, -0.092, -0.092,  0.701 )
-0.125, -0.1, 0.0
0.125, -0.1, 0.0
0.125, 0.1, 0.0
-0.125, 0.1, 0.0
PR_78
RBT,( 4.000, -9.625,  0.201 ), ( 0.000,  0.000,  0.000,  1.000 )
-0.125, -0.125, 0.0
0.125, -0.125, 0.0
0.125, 0.125, 0.0
-0.125, 0.125, 0.0
PR_79
RBT,( 4.000, -9.625,  0.001 ), ( 0.000,  1.000,  0.000,  0.000 )
-0.125, -0.125, 0.0
0.125, -0.125, 0.0
0.125, 0.125, 0.0
-0.125, 0.125, 0.0
PR_80
RBT,( 4.125, -9.625,  0.101 ), ( 0.000,  0.707,  0.000,  0.707 )
-0.1, -0.125, 0.0
0.1, -0.125, 0.0
0.1, 0.125, 0.0
-0.1, 0.125, 0.0
PR_81
RBT,( 3.875, -9.625,  0.101 ), ( 0.000, -0.707, -0.000,  0.707 )
-0.1, -0.125, 0.0
0.1, -0.125, 0.0
0.1, 0.125, 0.0
-0.1, 0.125, 0.0
PR_82
RBT,( 4.000, -9.750,  0.101 ), ( 0.707,  0.000,  0.000,  0.707 )
-0.125, -0.1, 0.0
0.125, -0.1, 0.0
0.125, 0.1, 0.0
-0.125, 0.1, 0.0
PR_83
RBT,( 4.000, -9.500,  0.101 ), (-0.707,  0.000,  0.000,  0.707 )
-0.125, -0.1, 0.0
0.125, -0.1, 0.0
0.125, 0.1, 0.0
-0.125, 0.1, 0.0
PR_84
RBT,( 3.948, -9.375,  0.194 ), ( 0.000, -0.131,  0.000,  0.991 )
-0.125, -0.125, 0.0
0.125, -0.125, 0.0
0.125, 0.125, 0.0
-0.125, 0.125, 0.0
PR_85
RBT,( 4.000, -9.375,  0.001 ), ( 0.000,  0.991,  0.000,  0.131 )
-0.125, -0.125, 0.0
0.125, -0.125, 0.0
0.125, 0.125, 0.0
-0.125, 0.125, 0.0
PR_86
RBT,( 4.095, -9.375,  0.130 ), ( 0.000,  0.609,  0.000,  0.793 )
-0.1, -0.125, 0.0
0.1, -0.125, 0.0
0.1, 0.125, 0.0
-0.1, 0.125, 0.0
PR_87
RBT,( 3.853, -9.375,  0.065 ), ( 0.000, -0.793, -0.000,  0.609 )
-0.1, -0.125, 0.0
0.1, -0.125, 0.0
0.1, 0.125, 0.0
-0.1, 0.125, 0.0
PR_88
RBT,( 3.974, -9.500,  0.098 ), ( 0.701, -0.092,  0.092,  0.701 )
-0.125, -0.1, 0.0
0.125, -0.1, 0.0
0.125, 0.1, 0.0
-0.125, 0.1, 0.0
PR_89
RBT,( 3.974, -9.250,  0.098 ), (-0.701, -0.092, -0.092,  0.701 )
-0.125, -0.1, 0.0
0.125, -0.1, 0.0
0.125, 0.1, 0.0
-0.125, 0.1, 0.0
PR_90
RBT,( 4.000, -9.125,  0.201 ), ( 0.000,  0.000,  0.000,  1.000 )
-0.125, -0.125, 0.0
0.125, -0.125, 0.0
0.125, 0.125, 0.0
-0.125, 0.125, 0.0
PR_91
RBT,( 4.000, -9.125,  0.001 ), ( 0.000,  1.000,  0.000,  0.000 )
-0.125, -0.125, 0.0
0.125, -0.125, 0.0
0.125, 0.125, 0.0
-0.125, 0.125, 0.0
PR_92
RBT,( 4.125, -9.125,  0.101 ), ( 0.000,  0.707,  0.000,  0.707 )
-0.1, -0.125, 0.0
0.1, -0.125, 0.0
0.1, 0.125, 0.0
-0.1, 0.125, 0.0
PR_93
RBT,( 3.875, -9.125,  0.101 ), ( 0.000, -0.707, -0.000,  0.707 )
-0.1, -0.125, 0.0
0.1, -0.125, 0.0
0.1, 0.125, 0.0
-0.1, 0.125, 0.0
PR_94
RBT,( 4.000, -9.250,  0.101 ), ( 0.707,  0.000,  0.000,  0.707 )
-0.125, -0.1, 0.0
0.125, -0.1, 0.0
0.125, 0.1, 0.0
-0.125, 0.1, 0.0
PR_95
RBT,( 4.000, -9.000,  0.101 ), (-0.707,  0.000,  0.000,  0.707 )
-0.125, -0.1, 0.0
0.125, -0.1, 0.0
0.125, 0.1, 0.0
-0.125, 0.1, 0.0
PR_96
RBT,( 4.198, -9.875,  0.194 ), ( 0.000, -0.131,  0.000,  0.991 )
-0.125, -0.125, 0.0
0.125, -0.125, 0.0
0.125, 0.125, 0.0
-0.125, 0.125, 0.0
PR_97
RBT,( 4.250, -9.875,  0.001 ), ( 0.000,  0.991,  0.000,  0.131 )
-0.125, -0.125, 0.0
0.125, -0.125, 0.0
0.125, 0.125, 0.0
-0.125, 0.125, 0.0
PR_98
RBT,( 4.345, -9.875,  0.130 ), ( 0.000,  0.609,  0.000,  0.793 )
-0.1, -0.125, 0.0
0.1, -0.125, 0.0
0.1, 0.125, 0.0
-0.1, 0.125, 0.0
PR_99
RBT,( 4.103, -9.875,  0.065 ), ( 0.000, -0.793, -0.000,  0.609 )
-0.1, -0.125, 0.0
0.1, -0.125, 0.0
0.1, 0.125, 0.0
-0.1, 0.125, 0.0
PR_100
RBT,( 4.224, -10.000,  0.098 ), ( 0.701, -0.092,  0.092,  0.701 )
-0.125, -0.1, 0.0
0.125, -0.1, 0.0
0.125, 0.1, 0.0
-0.125, 0.1, 0.0
PR_101
RBT,( 4.224, -9.750,  0.098 ), (-0.701, -0.092, -0.092,  0.701 )
-0.125, -0.1, 0.0
0.125, -0.1, 0.0
0.125, 0.1, 0.0
-0.125, 0.1, 0.0
PR_102
RBT,( 4.198, -9.625,  0.194 ), ( 0.000, -0.131,  0.000,  0.991 )
-0.125, -0.125, 0.0
0.125, -0.125, 0.0
0.125, 0.125, 0.0
-0.125, 0.125, 0.0
PR_103
RBT,( 4.250, -9.625,  0.001 ), ( 0.000,  0.991,  0.000,  0.131 )
-0.125, -0.125, 0.0
0.125, -0.125, 0.0
0.125, 0.125, 0.0
-0.125, 0.125, 0.0
PR_104
RBT,( 4.345, -9.625,  0.130 ), ( 0.000,  0.609,  0.000,  0.793 )
-0.1, -0.125, 0.0
0.1, -0.125, 0.0
0.1, 0.125, 0.0
-0.1, 0.125, 0.0
PR_105
RBT,( 4.103, -9.625,  0.065 ), ( 0.000, -0.793, -0.000,  0.609 )
-0.1, -0.125, 0.0
0.1, -0.125, 0.0
0.1, 0.125, 0.0
-0.1, 0.125, 0.0
PR_106
RBT,( 4.224, -9.750,  0.098 ), ( 0.701, -0.092,  0.092,  0.701 )
-0.125, -0.1, 0.0
0.125, -0.1, 0.0
0.125, 0.1, 0.0
-0.125, 0.1, 0.0
PR_107
RBT,( 4.224, -9.500,  0.098 ), (-0.701, -0.092, -0.092,  0.701 )
-0.125, -0.1, 0.0
0.125, -0.1, 0.0
0.125, 0.1, 0.0
-0.125, 0.1, 0.0
PR_108
RBT,( 4.250, -9.375,  0.201 ), ( 0.000,  0.000,  0.000,  1.000 )
-0.125, -0.125, 0.0
0.125, -0.125, 0.0
0.125, 0.125, 0.0
-0.125, 0.125, 0.0
PR_109
RBT,( 4.250, -9.375,  0.001 ), ( 0.000,  1.000,  0.000,  0.000 )
-0.125, -0.125, 0.0
0.125, -0.125, 0.0
0.125, 0.125, 0.0
-0.125, 0.125, 0.0
PR_110
RBT,( 4.375, -9.375,  0.101 ), ( 0.000,  0.707,  0.000,  0.707 )
-0.1, -0.125, 0.0
0.1, -0.125, 0.0
0.1, 0.125, 0.0
-0.1, 0.125, 0.0
PR_111
RBT,( 4.125, -9.375,  0.101 ), ( 0.000, -0.707, -0.000,  0.707 )
-0.1, -0.125, 0.0
0.1, -0.125, 0.0
0.1, 0.125, 0.0
-0.1, 0.125, 0.0
PR_112
RBT,( 4.250, -9.500,  0.101 ), ( 0.707,  0.000,  0.000,  0.707 )
-0.125, -0.1, 0.0
0.125, -0.1, 0.0
0.125, 0.1, 0.0
-0.125, 0.1, 0.0
PR_113
RBT,( 4.250, -9.250,  0.101 ), (-0.707,  0.000,  0.000,  0.707 )
-0.125, -0.1, 0.0
0.125, -0.1, 0.0
0.125, 0.1, 0.0
-0.125, 0.1, 0.0
PR_114
RBT,( 4.302, -9.125,  0.194 ), ( 0.000,  0.131,  0.000,  0.991 )
-0.125, -0.125, 0.0
0.125, -0.125, 0.0
0.125, 0.125, 0.0
-0.125, 0.125, 0.0
PR_115
RBT,( 4.250, -9.125,  0.001 ), ( 0.000,  0.991,  0.000, -0.131 )
-0.125, -0.125, 0.0
0.125, -0.125, 0.0
0.125, 0.125, 0.0
-0.125, 0.125, 0.0
PR_116
RBT,( 4.397, -9.125,  0.065 ), ( 0.000,  0.793,  0.000,  0.609 )
-0.1, -0.125, 0.0
0.1, -0.125, 0.0
0.1, 0.125, 0.0
-0.1, 0.125, 0.0
PR_117
RBT,( 4.155, -9.125,  0.130 ), ( 0.000, -0.609, -0.000,  0.793 )
-0.1, -0.125, 0.0
0.1, -0.125, 0.0
0.1, 0.125, 0.0
-0.1, 0.125, 0.0
PR_118
RBT,( 4.276, -9.250,  0.098 ), ( 0.701,  0.092, -0.092,  0.701 )
-0.125, -0.1, 0.0
0.125, -0.1, 0.0
0.125, 0.1, 0.0
-0.125, 0.1, 0.0
PR_119
RBT,( 4.276, -9.000,  0.098 ), (-0.701,  0.092,  0.092,  0.701 )
-0.125, -0.1, 0.0
0.125, -0.1, 0.0
0.125, 0.1, 0.0
-0.125, 0.1, 0.0
PR_120
RBT,( 4.500, -9.927,  0.194 ), ( 0.131,  0.000,  0.000,  0.991 )
-0.125, -0.125, 0.0
0.125, -0.125, 0.0
0.125, 0.125, 0.0
-0.125, 0.125, 0.0
PR_121
RBT,( 4.500, -9.875,  0.001 ), ( 0.000,  0.991,  0.131,  0.000 )
-0.125, -0.125, 0.0
0.125, -0.125, 0.0
0.125, 0.125, 0.0
-0.125, 0.125, 0.0
PR_122
RBT,( 4.625, -9.901,  0.098 ), ( 0.092,  0.701,  0.092,  0.701 )
-0.1, -0.125, 0.0
0.1, -0.125, 0.0
0.1, 0.125, 0.0
-0.1, 0.125, 0.0
PR_123
RBT,( 4.375, -9.901,  0.098 ), ( 0.092, -0.701, -0.092,  0.701 )
-0.1, -0.125, 0.0
0.1, -0.125, 0.0
0.1, 0.125, 0.0
-0.1, 0.125, 0.0
PR_124
RBT,( 4.500, -10.022,  0.065 ), ( 0.793,  0.000,  0.000,  0.609 )
-0.125, -0.1, 0.0
0.125, -0.1, 0.0
0.125, 0.1, 0.0
-0.125, 0.1, 0.0
PR_125
RBT,( 4.500, -9.780,  0.130 ), (-0.609,  0.000,  0.000,  0.793 )
-0.125, -0.1, 0.0
0.125, -0.1, 0.0
0.125, 0.1, 0.0
-0.125, 0.1, 0.0
PR_126
RBT,( 4.500, -9.625,  0.201 ), ( 0.000,  0.000,  0.000,  1.000 )
-0.125, -0.125, 0.0
0.125, -0.125, 0.0
0.125, 0.125, 0.0
-0.125, 0.125, 0.0
PR_127
RBT,( 4.500, -9.625,  0.001 ), ( 0.000,  1.000,  0.000,  0.000 )
-0.125, -0.125, 0.0
0.125, -0.125, 0.0
0.125, 0.125, 0.0
-0.125, 0.125, 0.0
PR_128
RBT,( 4.625, -9.625,  0.101 ), ( 0.000,  0.707,  0.000,  0.707 )
-0.1, -0.125, 0.0
0.1, -0.125, 0.0
0.1, 0.125, 0.0
-0.1, 0.125, 0.0
PR_129
RBT,( 4.375, -9.625,  0.101 ), ( 0.000, -0.707, -0.000,  0.707 )
-0.1, -0.125, 0.0
0.1, -0.125, 0.0
0.1, 0.125, 0.0
-0.1, 0.125, 0.0
PR_130
RBT,( 4.500, -9.750,  0.101 ), ( 0.707,  0.000,  0.000,  0.707 )
-0.125, -0.1, 0.0
0.125, -0.1, 0.0
0.125, 0.1, 0.0
-0.125, 0.1, 0.0
PR_131
RBT,( 4.500, -9.500,  0.101 ), (-0.707,  0.000,  0.000,  0.707 )
-0.125, -0.1, 0.0
0.125, -0.1, 0.0
0.125, 0.1, 0.0
-0.125, 0.1, 0.0
PR_132
RBT,( 4.500, -9.375,  0.201 ), ( 0.000,  0.000,  0.000,  1.000 )
-0.125, -0.125, 0.0
0.125, -0.125, 0.0
0.125, 0.125, 0.0
-0.125, 0.125, 0.0
PR_133
RBT,( 4.500, -9.375,  0.001 ), ( 0.000,  1.000,  0.000,  0.000 )
-0.125, -0.125, 0.0
0.125, -0.125, 0.0
0.125, 0.125, 0.0
-0.125, 0.125, 0.0
PR_134
RBT,( 4.625, -9.375,  0.101 ), ( 0.000,  0.707,  0.000,  0.707 )
-0.1, -0.125, 0.0
0.1, -0.125, 0.0
0.1, 0.125, 0.0
-0.1, 0.125, 0.0
PR_135
RBT,( 4.375, -9.375,  0.101 ), ( 0.000, -0.707, -0.000,  0.707 )
-0.1, -0.125, 0.0
0.1, -0.125, 0.0
0.1, 0.125, 0.0
-0.1, 0.125, 0.0
PR_136
RBT,( 4.500, -9.500,  0.101 ), ( 0.707,  0.000,  0.000,  0.707 )
-0.125, -0.1, 0.0
0.125, -0.1, 0.0
0.125, 0.1, 0.0
-0.125, 0.1, 0.0
PR_137
RBT,( 4.500, -9.250,  0.101 ), (-0.707,  0.000,  0.000,  0.707 )
-0.125, -0.1, 0.0
0.125, -0.1, 0.0
0.125, 0.1, 0.0
-0.125, 0.1, 0.0
PR_138
RBT,( 4.500, -9.073,  0.194 ), (-0.131,  0.000,  0.000,  0.991 )
-0.125, -0.125, 0.0
0.125, -0.125, 0.0
0.125, 0.125, 0.0
-0.125, 0.125, 0.0
PR_139
RBT,( 4.500, -9.125,  0.001 ), (-0.000,  0.991, -0.131,  0.000 )
-0.125, -0.125, 0.0
0.125, -0.125, 0.0
0.125, 0.125, 0.0
-0.125, 0.125, 0.0
PR_140
RBT,( 4.625, -9.099,  0.098 ), (-0.092,  0.701, -0.092,  0.701 )
-0.1, -0.125, 0.0
0.1, -0.125, 0.0
0.1, 0.125, 0.0
-0.1, 0.125, 0.0
PR_141
RBT,( 4.375, -9.099,  0.098 ), (-0.092, -0.701,  0.092,  0.701 )
-0.1, -0.125, 0.0
0.1, -0.125, 0.0
0.1, 0.125, 0.0
-0.1, 0.125, 0.0
PR_142
RBT,( 4.500, -9.220,  0.130 ), ( 0.609,  0.000,  0.000,  0.793 )
-0.125, -0.1, 0.0
0.125, -0.1, 0.0
0.125, 0.1, 0.0
-0.125, 0.1, 0.0
PR_143
RBT,( 4.500, -8.978,  0.065 ), (-0.793,  0.000,  0.000,  0.609 )
-0.125, -0.1, 0.0
0.125, -0.1, 0.0
0.125, 0.1, 0.0
-0.125, 0.1, 0.0
PR_144
RBT,( 4.750, -9.927,  0.194 ), ( 0.131,  0.000,  0.000,  0.991 )
-0.125, -0.125, 0.0
0.125, -0.125, 0.0
0.125, 0.125, 0.0
-0.125, 0.125, 0.0
PR_145
RBT,( 4.750, -9.875,  0.001 ), ( 0.000,  0.991,  0.131,  0.000 )
-0.125, -0.125, 0.0
0.125, -0.125, 0.0
0.125, 0.125, 0.0
-0.125, 0.125, 0.0
PR_146
RBT,( 4.875, -9.901,  0.098 ), ( 0.092,  0.701,  0.092,  0.701 )
-0.1, -0.125, 0.0
0.1, -0.125, 0.0
0.1, 0.125, 0.0
-0.1, 0.125, 0.0
PR_147
RBT,( 4.625, -9.901,  0.098 ), ( 0.092, -0.701, -0.092,  0.701 )
-0.1, -0.125, 0.0
0.1, -0.125, 0.0
0.1, 0.125, 0.0
-0.1, 0.125, 0.0
PR_148
RBT,( 4.750, -10.022,  0.065 ), ( 0.793,  0.000,  0.000,  0.609 )
-0.125, -0.1, 0.0
0.125, -0.1, 0.0
0.125, 0.1, 0.0
-0.125, 0.1, 0.0
PR_149
RBT,( 4.750, -9.780,  0.130 ), (-0.609,  0.000,  0.000,  0.793 )
-0.125, -0.1, 0.0
0.125, -0.1, 0.0
0.125, 0.1, 0.0
-0.125, 0.1, 0.0
PR_150
RBT,( 4.750, -9.677,  0.194 ), ( 0.131,  0.000,  0.000,  0.991 )
-0.125, -0.125, 0.0
0.125, -0.125, 0.0
0.125, 0.125, 0.0
-0.125, 0.125, 0.0
PR_151
RBT,( 4.750, -9.625,  0.001 ), ( 0.000,  0.991,  0.131,  0.000 )
-0.125, -0.125, 0.0
0.125, -0.125, 0.0
0.125, 0.125, 0.0
-0.125, 0.125, 0.0
PR_152
RBT,( 4.875, -9.651,  0.098 ), ( 0.092,  0.701,  0.092,  0.701 )
-0.1, -0.125, 0.0
0.1, -0.125, 0.0
0.1, 0.125, 0.0
-0.1, 0.125, 0.0
PR_153
RBT,( 4.625, -9.651,  0.098 ), ( 0.092, -0.701, -0.092,  0.701 )
-0.1, -0.125, 0.0
0.1, -0.125, 0.0
0.1, 0.125, 0.0
-0.1, 0.125, 0.0
PR_154
RBT,( 4.750, -9.772,  0.065 ), ( 0.793,  0.000,  0.000,  0.609 )
-0.125, -0.1, 0.0
0.125, -0.1, 0.0
0.125, 0.1, 0.0
-0.125, 0.1, 0.0
PR_155
RBT,( 4.750, -9.530,  0.130 ), (-0.609,  0.000,  0.000,  0.793 )
-0.125, -0.1, 0.0
0.125, -0.1, 0.0
0.125, 0.1, 0.0
-0.125, 0.1, 0.0
PR_156
RBT,( 4.750, -9.427,  0.194 ), ( 0.131,  0.000,  0.000,  0.991 )
-0.125, -0.125, 0.0
0.125, -0.125, 0.0
0.125, 0.125, 0.0
-0.125, 0.125, 0.0
PR_157
RBT,( 4.750, -9.375,  0.001 ), ( 0.000,  0.991,  0.131,  0.000 )
-0.125, -0.125, 0.0
0.125, -0.125, 0.0
0.125, 0.125, 0.0
-0.125, 0.125, 0.0
PR_158
RBT,( 4.875, -9.401,  0.098 ), ( 0.092,  0.701,  0.092,  0.701 )
-0.1, -0.125, 0.0
0.1, -0.125, 0.0
0.1, 0.125, 0.0
-0.1, 0.125, 0.0
PR_159
RBT,( 4.625, -9.401,  0.098 ), ( 0.092, -0.701, -0.092,  0.701 )
-0.1, -0.125, 0.0
0.1, -0.125, 0.0
0.1, 0.125, 0.0
-0.1, 0.125, 0.0
PR_160
RBT,( 4.750, -9.522,  0.065 ), ( 0.793,  0.000,  0.000,  0.609 )
-0.125, -0.1, 0.0
0.125, -0.1, 0.0
0.125, 0.1, 0.0
-0.125, 0.1, 0.0
PR_161
RBT,( 4.750, -9.280,  0.130 ), (-0.609,  0.000,  0.000,  0.793 )
-0.125, -0.1, 0.0
0.125, -0.1, 0.0
0.125, 0.1, 0.0
-0.125, 0.1, 0.0
PR_162
RBT,( 4.698, -9.125,  0.194 ), ( 0.000, -0.131,  0.000,  0.991 )
-0.125, -0.125, 0.0
0.125, -0.125, 0.0
0.125, 0.125, 0.0
-0.125, 0.125, 0.0
PR_163
RBT,( 4.750, -9.125,  0.001 ), ( 0.000,  0.991,  0.000,  0.131 )
-0.125, -0.125, 0.0
0.125, -0.125, 0.0
0.125, 0.125, 0.0
-0.125, 0.125, 0.0
PR_164
RBT,( 4.845, -9.125,  0.130 ), ( 0.000,  0.609,  0.000,  0.793 )
-0.1, -0.125, 0.0
0.1, -0.125, 0.0
0.1, 0.125, 0.0
-0.1, 0.125, 0.0
PR_165
RBT,( 4.603, -9.125,  0.065 ), ( 0.000, -0.793, -0.000,  0.609 )
-0.1, -0.125, 0.0
0.1, -0.125, 0.0
0.1, 0.125, 0.0
-0.1, 0.125, 0.0
PR_166
RBT,( 4.724, -9.250,  0.098 ), ( 0.701, -0.092,  0.092,  0.701 )
-0.125, -0.1, 0.0
0.125, -0.1, 0.0
0.125, 0.1, 0.0
-0.125, 0.1, 0.0
PR_167
RBT,( 4.724, -9.000,  0.098 ), (-0.701, -0.092, -0.092,  0.701 )
-0.125, -0.1, 0.0
0.125, -0.1, 0.0
0.125, 0.1, 0.0
-0.125, 0.1, 0.0
PR_168
RBT,( 5.000, -9.875,  0.201 ), ( 0.000,  0.000,  0.000,  1.000 )
-0.125, -0.125, 0.0
0.125, -0.125, 0.0
0.125, 0.125, 0.0
-0.125, 0.125, 0.0
PR_169
RBT,( 5.000, -9.875,  0.001 ), ( 0.000,  1.000,  0.000,  0.000 )
-0.125, -0.125, 0.0
0.125, -0.125, 0.0
0.125, 0.125, 0.0
-0.125, 0.125, 0.0
PR_170
RBT,( 5.125, -9.875,  0.101 ), ( 0.000,  0.707,  0.000,  0.707 )
-0.1, -0.125, 0.0
0.1, -0.125, 0.0
0.1, 0.125, 0.0
-0.1, 0.125, 0.0
PR_171
RBT,( 4.875, -9.875,  0.101 ), ( 0.000, -0.707, -0.000,  0.707 )
-0.1, -0.125, 0.0
0.1, -0.125, 0.0
0.1, 0.125, 0.0
-0.1, 0.125, 0.0
PR_172
RBT,( 5.000, -10.000,  0.101 ), ( 0.707,  0.000,  0.000,  0.707 )
-0.125, -0.1, 0.0
0.125, -0.1, 0.0
0.125, 0.1, 0.0
-0.125, 0.1, 0.0
PR_173
RBT,( 5.000, -9.750,  0.101 ), (-0.707,  0.000,  0.000,  0.707 )
-0.125, -0.1, 0.0
0.125, -0.1, 0.0
0.125, 0.1, 0.0
-0.125, 0.1, 0.0
PR_174
RBT,( 4.948, -9.625,  0.194 ), ( 0.000, -0.131,  0.000,  0.991 )
-0.125, -0.125, 0.0
0.125, -0.125, 0.0
0.125, 0.125, 0.0
-0.125, 0.125, 0.0
PR_175
RBT,( 5.000, -9.625,  0.001 ), ( 0.000,  0.991,  0.000,  0.131 )
-0.125, -0.125, 0.0
0.125, -0.125, 0.0
0.125, 0.125, 0.0
-0.125, 0.125, 0.0
PR_176
RBT,( 5.095, -9.625,  0.130 ), ( 0.000,  0.609,  0.000,  0.793 )
-0.1, -0.125, 0.0
0.1, -0.125, 0.0
0.1, 0.125, 0.0
-0.1, 0.125, 0.0
PR_177
RBT,( 4.853, -9.625,  0.065 ), ( 0.000, -0.793, -0.000,  0.609 )
-0.1, -0.125, 0.0
0.1, -0.125, 0.0
0.1, 0.125, 0.0
-0.1, 0.125, 0.0
PR_178
RBT,( 4.974, -9.750,  0.098 ), ( 0.701, -0.092,  0.092,  0.701 )
-0.125, -0.1, 0.0
0.125, -0.1, 0.0
0.125, 0.1, 0.0
-0.125, 0.1, 0.0
PR_179
RBT,( 4.974, -9.500,  0.098 ), (-0.701, -0.092, -0.092,  0.701 )
-0.125, -0.1, 0.0
0.125, -0.1, 0.0
0.125, 0.1, 0.0
-0.125, 0.1, 0.0
PR_180
RBT,( 5.052, -9.375,  0.194 ), ( 0.000,  0.131,  0.000,  0.991 )
-0.125, -0.125, 0.0
0.125, -0.125, 0.0
0.125, 0.125, 0.0
-0.125, 0.125, 0.0
PR_181
RBT,( 5.000, -9.375,  0.001 ), ( 0.000,  0.991,  0.000, -0.131 )
-0.125, -0.125, 0.0
0.125, -0.125, 0.0
0.125, 0.125, 0.0
-0.125, 0.125, 0.0
PR_182
RBT,( 5.147, -9.375,  0.065 ), ( 0.000,  0.793,  0.000,  0.609 )
-0.1, -0.125, 0.0
0.1, -0.125, 0.0
0.1, 0.125, 0.0
-0.1, 0.125, 0.0
PR_183
RBT,( 4.905, -9.375,  0.130 ), ( 0.000, -0.609, -0.000,  0.793 )
-0.1, -0.125, 0.0
0.1, -0.125, 0.0
0.1, 0.125, 0.0
-0.1, 0.125, 0.0
PR_184
RBT,( 5.026, -9.500,  0.098 ), ( 0.701,  0.092, -0.092,  0.701 )
-0.125, -0.1, 0.0
0.125, -0.1, 0.0
0.125, 0.1, 0.0
-0.125, 0.1, 0.0
PR_185
RBT,( 5.026, -9.250,  0.098 ), (-0.701,  0.092,  0.092,  0.701 )
-0.125, -0.1, 0.0
0.125, -0.1, 0.0
0.125, 0.1, 0.0
-0.125, 0.1, 0.0
PR_186
RBT,( 5.000, -9.073,  0.194 ), (-0.131,  0.000,  0.000,  0.991 )
-0.125, -0.125, 0.0
0.125, -0.125, 0.0
0.125, 0.125, 0.0
-0.125, 0.125, 0.0
PR_187
RBT,( 5.000, -9.125,  0.001 ), (-0.000,  0.991, -0.131,  0.000 )
-0.125, -0.125, 0.0
0.125, -0.125, 0.0
0.125, 0.125, 0.0
-0.125, 0.125, 0.0
PR_188
RBT,( 5.125, -9.099,  0.098 ), (-0.092,  0.701, -0.092,  0.701 )
-0.1, -0.125, 0.0
0.1, -0.125, 0.0
0.1, 0.125, 0.0
-0.1, 0.125, 0.0
PR_189
RBT,( 4.875, -9.099,  0.098 ), (-0.092, -0.701,  0.092,  0.701 )
-0.1, -0.125, 0.0
0.1, -0.125, 0.0
0.1, 0.125, 0.0
-0.1, 0.125, 0.0
PR_190
RBT,( 5.000, -9.220,  0.130 ), ( 0.609,  0.000,  0.000,  0.793 )
-0.125, -0.1, 0.0
0.125, -0.1, 0.0
0.125, 0.1, 0.0
-0.125, 0.1, 0.0
PR_191
RBT,( 5.000, -8.978,  0.065 ), (-0.793,  0.000,  0.000,  0.609 )
-0.125, -0.1, 0.0
0.125, -0.1, 0.0
0.125, 0.1, 0.0
-0.125, 0.1, 0.0
PR_192
RBT,( 5.198, -9.875,  0.194 ), ( 0.000, -0.131,  0.000,  0.991 )
-0.125, -0.125, 0.0
0.125, -0.125, 0.0
0.125, 0.125, 0.0
-0.125, 0.125, 0.0
PR_193
RBT,( 5.250, -9.875,  0.001 ), ( 0.000,  0.991,  0.000,  0.131 )
-0.125, -0.125, 0.0
0.125, -0.125, 0.0
0.125, 0.125, 0.0
-0.125, 0.125, 0.0
PR_194
RBT,( 5.345, -9.875,  0.130 ), ( 0.000,  0.609,  0.000,  0.793 )
-0.1, -0.125, 0.0
0.1, -0.125, 0.0
0.1, 0.125, 0.0
-0.1, 0.125, 0.0
PR_195
RBT,( 5.103, -9.875,  0.065 ), ( 0.000, -0.793, -0.000,  0.609 )
-0.1, -0.125, 0.0
0.1, -0.125, 0.0
0.1, 0.125, 0.0
-0.1, 0.125, 0.0
PR_196
RBT,( 5.224, -10.000,  0.098 ), ( 0.701, -0.092,  0.092,  0.701 )
-0.125, -0.1, 0.0
0.125, -0.1, 0.0
0.125, 0.1, 0.0
-0.125, 0.1, 0.0
PR_197
RBT,( 5.224, -9.750,  0.098 ), (-0.701, -0.092, -0.092,  0.701 )
-0.125, -0.1, 0.0
0.125, -0.1, 0.0
0.125, 0.1, 0.0
-0.125, 0.1, 0.0
PR_198
RBT,( 5.250, -9.677,  0.194 ), ( 0.131,  0.000,  0.000,  0.991 )
-0.125, -0.125, 0.0
0.125, -0.125, 0.0
0.125, 0.125, 0.0
-0.125, 0.125, 0.0
PR_199
RBT,( 5.250, -9.625,  0.001 ), ( 0.000,  0.991,  0.131,  0.000 )
-0.125, -0.125, 0.0
0.125, -0.125, 0.0
0.125, 0.125, 0.0
-0.125, 0.125, 0.0
PR_200
RBT,( 5.375, -9.651,  0.098 ), ( 0.092,  0.701,  0.092,  0.701 )
-0.1, -0.125, 0.0
0.1, -0.125, 0.0
0.1, 0.125, 0.0
-0.1, 0.125, 0.0
PR_201
RBT,( 5.125, -9.651,  0.098 ), ( 0.092, -0.701, -0.092,  0.701 )
-0.1, -0.125, 0.0
0.1, -0.125, 0.0
0.1, 0.125, 0.0
-0.1, 0.125, 0.0
PR_202
RBT,( 5.250, -9.772,  0.065 ), ( 0.793,  0.000,  0.000,  0.609 )
-0.125, -0.1, 0.0
0.125, -0.1, 0.0
0.125, 0.1, 0.0
-0.125, 0.1, 0.0
PR_203
RBT,( 5.250, -9.530,  0.130 ), (-0.609,  0.000,  0.000,  0.793 )
-0.125, -0.1, 0.0
0.125, -0.1, 0.0
0.125, 0.1, 0.0
-0.125, 0.1, 0.0
PR_204
RBT,( 5.198, -9.375,  0.194 ), ( 0.000, -0.131,  0.000,  0.991 )
-0.125, -0.125, 0.0
0.125, -0.125, 0.0
0.125, 0.125, 0.0
-0.125, 0.125, 0.0
PR_205
RBT,( 5.250, -9.375,  0.001 ), ( 0.000,  0.991,  0.000,  0.131 )
-0.125, -0.125, 0.0
0.125, -0.125, 0.0
0.125, 0.125, 0.0
-0.125, 0.125, 0.0
PR_206
RBT,( 5.345, -9.375,  0.130 ), ( 0.000,  0.609,  0.000,  0.793 )
-0.1, -0.125, 0.0
0.1, -0.125, 0.0
0.1, 0.125, 0.0
-0.1, 0.125, 0.0
PR_207
RBT,( 5.103, -9.375,  0.065 ), ( 0.000, -0.793, -0.000,  0.609 )
-0.1, -0.125, 0.0
0.1, -0.125, 0.0
0.1, 0.125, 0.0
-0.1, 0.125, 0.0
PR_208
RBT,( 5.224, -9.500,  0.098 ), ( 0.701, -0.092,  0.092,  0.701 )
-0.125, -0.1, 0.0
0.125, -0.1, 0.0
0.125, 0.1, 0.0
-0.125, 0.1, 0.0
PR_209
RBT,( 5.224, -9.250,  0.098 ), (-0.701, -0.092, -0.092,  0.701 )
-0.125, -0.1, 0.0
0.125, -0.1, 0.0
0.125, 0.1, 0.0
-0.125, 0.1, 0.0
PR_210
RBT,( 5.198, -9.125,  0.194 ), ( 0.000, -0.131,  0.000,  0.991 )
-0.125, -0.125, 0.0
0.125, -0.125, 0.0
0.125, 0.125, 0.0
-0.125, 0.125, 0.0
PR_211
RBT,( 5.250, -9.125,  0.001 ), ( 0.000,  0.991,  0.000,  0.131 )
-0.125, -0.125, 0.0
0.125, -0.125, 0.0
0.125, 0.125, 0.0
-0.125, 0.125, 0.0
PR_212
RBT,( 5.345, -9.125,  0.130 ), ( 0.000,  0.609,  0.000,  0.793 )
-0.1, -0.125, 0.0
0.1, -0.125, 0.0
0.1, 0.125, 0.0
-0.1, 0.125, 0.0
PR_213
RBT,( 5.103, -9.125,  0.065 ), ( 0.000, -0.793, -0.000,  0.609 )
-0.1, -0.125, 0.0
0.1, -0.125, 0.0
0.1, 0.125, 0.0
-0.1, 0.125, 0.0
PR_214
RBT,( 5.224, -9.250,  0.098 ), ( 0.701, -0.092,  0.092,  0.701 )
-0.125, -0.1, 0.0
0.125, -0.1, 0.0
0.125, 0.1, 0.0
-0.125, 0.1, 0.0
PR_215
RBT,( 5.224, -9.000,  0.098 ), (-0.701, -0.092, -0.092,  0.701 )
-0.125, -0.1, 0.0
0.125, -0.1, 0.0
0.125, 0.1, 0.0
-0.125, 0.1, 0.0
PR_216
RBT,( 5.500, -9.875,  0.201 ), ( 0.000,  0.000,  0.000,  1.000 )
-0.125, -0.125, 0.0
0.125, -0.125, 0.0
0.125, 0.125, 0.0
-0.125, 0.125, 0.0
PR_217
RBT,( 5.500, -9.875,  0.001 ), ( 0.000,  1.000,  0.000,  0.000 )
-0.125, -0.125, 0.0
0.125, -0.125, 0.0
0.125, 0.125, 0.0
-0.125, 0.125, 0.0
PR_218
RBT,( 5.625, -9.875,  0.101 ), ( 0.000,  0.707,  0.000,  0.707 )
-0.1, -0.125, 0.0
0.1, -0.125, 0.0
0.1, 0.125, 0.0
-0.1, 0.125, 0.0
PR_219
RBT,( 5.375, -9.875,  0.101 ), ( 0.000, -0.707, -0.000,  0.707 )
-0.1, -0.125, 0.0
0.1, -0.125, 0.0
0.1, 0.125, 0.0
-0.1, 0.125, 0.0
PR_220
RBT,( 5.500, -10.000,  0.101 ), ( 0.707,  0.000,  0.000,  0.707 )
-0.125, -0.1, 0.0
0.125, -0.1, 0.0
0.125, 0.1, 0.0
-0.125, 0.1, 0.0
PR_221
RBT,( 5.500, -9.750,  0.101 ), (-0.707,  0.000,  0.000,  0.707 )
-0.125, -0.1, 0.0
0.125, -0.1, 0.0
0.125, 0.1, 0.0
-0.125, 0.1, 0.0
PR_222
RBT,( 5.500, -9.625,  0.201 ), ( 0.000,  0.000,  0.000,  1.000 )
-0.125, -0.125, 0.0
0.125, -0.125, 0.0
0.125, 0.125, 0.0
-0.125, 0.125, 0.0
PR_223
RBT,( 5.500, -9.625,  0.001 ), ( 0.000,  1.000,  0.000,  0.000 )
-0.125, -0.125, 0.0
0.125, -0.125, 0.0
0.125, 0.125, 0.0
-0.125, 0.125, 0.0
PR_224
RBT,( 5.625, -9.625,  0.101 ), ( 0.000,  0.707,  0.000,  0.707 )
-0.1, -0.125, 0.0
0.1, -0.125, 0.0
0.1, 0.125, 0.0
-0.1, 0.125, 0.0
PR_225
RBT,( 5.375, -9.625,  0.101 ), ( 0.000, -0.707, -0.000,  0.707 )
-0.1, -0.125, 0.0
0.1, -0.125, 0.0
0.1, 0.125, 0.0
-0.1, 0.125, 0.0
PR_226
RBT,( 5.500, -9.750,  0.101 ), ( 0.707,  0.000,  0.000,  0.707 )
-0.125, -0.1, 0.0
0.125, -0.1, 0.0
0.125, 0.1, 0.0
-0.125, 0.1, 0.0
PR_227
RBT,( 5.500, -9.500,  0.101 ), (-0.707,  0.000,  0.000,  0.707 )
-0.125, -0.1, 0.0
0.125, -0.1, 0.0
0.125, 0.1, 0.0
-0.125, 0.1, 0.0
PR_228
RBT,( 5.552, -9.375,  0.194 ), ( 0.000,  0.131,  0.000,  0.991 )
-0.125, -0.125, 0.0
0.125, -0.125, 0.0
0.125, 0.125, 0.0
-0.125, 0.125, 0.0
PR_229
RBT,( 5.500, -9.375,  0.001 ), ( 0.000,  0.991,  0.000, -0.131 )
-0.125, -0.125, 0.0
0.125, -0.125, 0.0
0.125, 0.125, 0.0
-0.125, 0.125, 0.0
PR_230
RBT,( 5.647, -9.375,  0.065 ), ( 0.000,  0.793,  0.000,  0.609 )
-0.1, -0.125, 0.0
0.1, -0.125, 0.0
0.1, 0.125, 0.0
-0.1, 0.125, 0.0
PR_231
RBT,( 5.405, -9.375,  0.130 ), ( 0.000, -0.609, -0.000,  0.793 )
-0.1, -0.125, 0.0
0.1, -0.125, 0.0
0.1, 0.125, 0.0
-0.1, 0.125, 0.0
PR_232
RBT,( 5.526, -9.500,  0.098 ), ( 0.701,  0.092, -0.092,  0.701 )
-0.125, -0.1, 0.0
0.125, -0.1, 0.0
0.125, 0.1, 0.0
-0.125, 0.1, 0.0
PR_233
RBT,( 5.526, -9.250,  0.098 ), (-0.701,  0.092,  0.092,  0.701 )
-0.125, -0.1, 0.0
0.125, -0.1, 0.0
0.125, 0.1, 0.0
-0.125, 0.1, 0.0
PR_234
RBT,( 5.500, -9.125,  0.201 ), ( 0.000,  0.000,  0.000,  1.000 )
-0.125, -0.125, 0.0
0.125, -0.125, 0.0
0.125, 0.125, 0.0
-0.125, 0.125, 0.0
PR_235
RBT,( 5.500, -9.125,  0.001 ), ( 0.000,  1.000,  0.000,  0.000 )
-0.125, -0.125, 0.0
0.125, -0.125, 0.0
0.125, 0.125, 0.0
-0.125, 0.125, 0.0
PR_236
RBT,( 5.625, -9.125,  0.101 ), ( 0.000,  0.707,  0.000,  0.707 )
-0.1, -0.125, 0.0
0.1, -0.125, 0.0
0.1, 0.125, 0.0
-0.1, 0.125, 0.0
PR_237
RBT,( 5.375, -9.125,  0.101 ), ( 0.000, -0.707, -0.000,  0.707 )
-0.1, -0.125, 0.0
0.1, -0.125, 0.0
0.1, 0.125, 0.0
-0.1, 0.125, 0.0
PR_238
RBT,( 5.500, -9.250,  0.101 ), ( 0.707,  0.000,  0.000,  0.707 )
-0.125, -0.1, 0.0
0.125, -0.1, 0.0
0.125, 0.1, 0.0
-0.125, 0.1, 0.0
PR_239
RBT,( 5.500, -9.000,  0.101 ), (-0.707,  0.000,  0.000,  0.707 )
-0.125, -0.1, 0.0
0.125, -0.1, 0.0
0.125, 0.1, 0.0
-0.125, 0.1, 0.0
PR_240
RBT,( 5.802, -9.875,  0.194 ), ( 0.000,  0.131,  0.000,  0.991 )
-0.125, -0.125, 0.0
0.125, -0.125, 0.0
0.125, 0.125, 0.0
-0.125, 0.125, 0.0
PR_241
RBT,( 5.750, -9.875,  0.001 ), ( 0.000,  0.991,  0.000, -0.131 )
-0.125, -0.125, 0.0
0.125, -0.125, 0.0
0.125, 0.125, 0.0
-0.125, 0.125, 0.0
PR_242
RBT,( 5.897, -9.875,  0.065 ), ( 0.000,  0.793,  0.000,  0.609 )
-0.1, -0.125, 0.0
0.1, -0.125, 0.0
0.1, 0.125, 0.0
-0.1, 0.125, 0.0
PR_243
RBT,( 5.655, -9.875,  0.130 ), ( 0.000, -0.609, -0.000,  0.793 )
-0.1, -0.125, 0.0
0.1, -0.125, 0.0
0.1, 0.125, 0.0
-0.1, 0.125, 0.0
PR_244
RBT,( 5.776, -10.000,  0.098 ), ( 0.701,  0.092, -0.092,  0.701 )
-0.125, -0.1, 0.0
0.125, -0.1, 0.0
0.125, 0.1, 0.0
-0.125, 0.1, 0.0
PR_245
RBT,( 5.776, -9.750,  0.098 ), (-0.701,  0.092,  0.092,  0.701 )
-0.125, -0.1, 0.0
0.125, -0.1, 0.0
0.125, 0.1, 0.0
-0.125, 0.1, 0.0
PR_246
RBT,( 5.750, -9.625,  0.201 ), ( 0.000,  0.000,  0.000,  1.000 )
-0.125, -0.125, 0.0
0.125, -0.125, 0.0
0.125, 0.125, 0.0
-0.125, 0.125, 0.0
PR_247
RBT,( 5.750, -9.625,  0.001 ), ( 0.000,  1.000,  0.000,  0.000 )
-0.125, -0.125, 0.0
0.125, -0.125, 0.0
0.125, 0.125, 0.0
-0.125, 0.125, 0.0
PR_248
RBT,( 5.875, -9.625,  0.101 ), ( 0.000,  0.707,  0.000,  0.707 )
-0.1, -0.125, 0.0
0.1, -0.125, 0.0
0.1, 0.125, 0.0
-0.1, 0.125, 0.0
PR_249
RBT,( 5.625, -9.625,  0.101 ), ( 0.000, -0.707, -0.000,  0.707 )
-0.1, -0.125, 0.0
0.1, -0.125, 0.0
0.1, 0.125, 0.0
-0.1, 0.125, 0.0
PR_250
RBT,( 5.750, -9.750,  0.101 ), ( 0.707,  0.000,  0.000,  0.707 )
-0.125, -0.1, 0.0
0.125, -0.1, 0.0
0.125, 0.1, 0.0
-0.125, 0.1, 0.0
PR_251
RBT,( 5.750, -9.500,  0.101 ), (-0.707,  0.000,  0.000,  0.707 )
-0.125, -0.1, 0.0
0.125, -0.1, 0.0
0.125, 0.1, 0.0
-0.125, 0.1, 0.0
PR_252
RBT,( 5.750, -9.427,  0.194 ), ( 0.131,  0.000,  0.000,  0.991 )
-0.125, -0.125, 0.0
0.125, -0.125, 0.0
0.125, 0.125, 0.0
-0.125, 0.125, 0.0
PR_253
RBT,( 5.750, -9.375,  0.001 ), ( 0.000,  0.991,  0.131,  0.000 )
-0.125, -0.125, 0.0
0.125, -0.125, 0.0
0.125, 0.125, 0.0
-0.125, 0.125, 0.0
PR_254
RBT,( 5.875, -9.401,  0.098 ), ( 0.092,  0.701,  0.092,  0.701 )
-0.1, -0.125, 0.0
0.1, -0.125, 0.0
0.1, 0.125, 0.0
-0.1, 0.125, 0.0
PR_255
RBT,( 5.625, -9.401,  0.098 ), ( 0.092, -0.701, -0.092,  0.701 )
-0.1, -0.125, 0.0
0.1, -0.125, 0.0
0.1, 0.125, 0.0
-0.1, 0.125, 0.0
PR_256
RBT,( 5.750, -9.522,  0.065 ), ( 0.793,  0.000,  0.000,  0.609 )
-0.125, -0.1, 0.0
0.125, -0.1, 0.0
0.125, 0.1, 0.0
-0.125, 0.1, 0.0
PR_257
RBT,( 5.750, -9.280,  0.130 ), (-0.609,  0.000,  0.000,  0.793 )
-0.125, -0.1, 0.0
0.125, -0.1, 0.0
0.125, 0.1, 0.0
-0.125, 0.1, 0.0
PR_258
RBT,( 5.750, -9.125,  0.201 ), ( 0.000,  0.000,  0.000,  1.000 )
-0.125, -0.125, 0.0
0.125, -0.125, 0.0
0.125, 0.125, 0.0
-0.125, 0.125, 0.0
PR_259
RBT,( 5.750, -9.125,  0.001 ), ( 0.000,  1.000,  0.000,  0.000 )
-0.125, -0.125, 0.0
0.125, -0.125, 0.0
0.125, 0.125, 0.0
-0.125, 0.125, 0.0
PR_260
RBT,( 5.875, -9.125,  0.101 ), ( 0.000,  0.707,  0.000,  0.707 )
-0.1, -0.125, 0.0
0.1, -0.125, 0.0
0.1, 0.125, 0.0
-0.1, 0.125, 0.0
PR_261
RBT,( 5.625, -9.125,  0.101 ), ( 0.000, -0.707, -0.000,  0.707 )
-0.1, -0.125, 0.0
0.1, -0.125, 0.0
0.1, 0.125, 0.0
-0.1, 0.125, 0.0
PR_262
RBT,( 5.750, -9.250,  0.101 ), ( 0.707,  0.000,  0.000,  0.707 )
-0.125, -0.1, 0.0
0.125, -0.1, 0.0
0.125, 0.1, 0.0
-0.125, 0.1, 0.0
PR_263
RBT,( 5.750, -9.000,  0.101 ), (-0.707,  0.000,  0.000,  0.707 )
-0.125, -0.1, 0.0
0.125, -0.1, 0.0
0.125, 0.1, 0.0
-0.125, 0.1, 0.0
PR_264
RBT,( 6.000, -9.927,  0.194 ), ( 0.131,  0.000,  0.000,  0.991 )
-0.125, -0.125, 0.0
0.125, -0.125, 0.0
0.125, 0.125, 0.0
-0.125, 0.125, 0.0
PR_265
RBT,( 6.000, -9.875,  0.001 ), ( 0.000,  0.991,  0.131,  0.000 )
-0.125, -0.125, 0.0
0.125, -0.125, 0.0
0.125, 0.125, 0.0
-0.125, 0.125, 0.0
PR_266
RBT,( 6.125, -9.901,  0.098 ), ( 0.092,  0.701,  0.092,  0.701 )
-0.1, -0.125, 0.0
0.1, -0.125, 0.0
0.1, 0.125, 0.0
-0.1, 0.125, 0.0
PR_267
RBT,( 5.875, -9.901,  0.098 ), ( 0.092, -0.701, -0.092,  0.701 )
-0.1, -0.125, 0.0
0.1, -0.125, 0.0
0.1, 0.125, 0.0
-0.1, 0.125, 0.0
PR_268
RBT,( 6.000, -10.022,  0.065 ), ( 0.793,  0.000,  0.000,  0.609 )
-0.125, -0.1, 0.0
0.125, -0.1, 0.0
0.125, 0.1, 0.0
-0.125, 0.1, 0.0
PR_269
RBT,( 6.000, -9.780,  0.130 ), (-0.609,  0.000,  0.000,  0.793 )
-0.125, -0.1, 0.0
0.125, -0.1, 0.0
0.125, 0.1, 0.0
-0.125, 0.1, 0.0
PR_270
RBT,( 5.948, -9.625,  0.194 ), ( 0.000, -0.131,  0.000,  0.991 )
-0.125, -0.125, 0.0
0.125, -0.125, 0.0
0.125, 0.125, 0.0
-0.125, 0.125, 0.0
PR_271
RBT,( 6.000, -9.625,  0.001 ), ( 0.000,  0.991,  0.000,  0.131 )
-0.125, -0.125, 0.0
0.125, -0.125, 0.0
0.125, 0.125, 0.0
-0.125, 0.125, 0.0
PR_272
RBT,( 6.095, -9.625,  0.130 ), ( 0.000,  0.609,  0.000,  0.793 )
-0.1, -0.125, 0.0
0.1, -0.125, 0.0
0.1, 0.125, 0.0
-0.1, 0.125, 0.0
PR_273
RBT,( 5.853, -9.625,  0.065 ), ( 0.000, -0.793, -0.000,  0.609 )
-0.1, -0.125, 0.0
0.1, -0.125, 0.0
0.1, 0.125, 0.0
-0.1, 0.125, 0.0
PR_274
RBT,( 5.974, -9.750,  0.098 ), ( 0.701, -0.092,  0.092,  0.701 )
-0.125, -0.1, 0.0
0.125, -0.1, 0.0
0.125, 0.1, 0.0
-0.125, 0.1, 0.0
PR_275
RBT,( 5.974, -9.500,  0.098 ), (-0.701, -0.092, -0.092,  0.701 )
-0.125, -0.1, 0.0
0.125, -0.1, 0.0
0.125, 0.1, 0.0
-0.125, 0.1, 0.0
PR_276
RBT,( 6.000, -9.427,  0.194 ), ( 0.131,  0.000,  0.000,  0.991 )
-0.125, -0.125, 0.0
0.125, -0.125, 0.0
0.125, 0.125, 0.0
-0.125, 0.125, 0.0
PR_277
RBT,( 6.000, -9.375,  0.001 ), ( 0.000,  0.991,  0.131,  0.000 )
-0.125, -0.125, 0.0
0.125, -0.125, 0.0
0.125, 0.125, 0.0
-0.125, 0.125, 0.0
PR_278
RBT,( 6.125, -9.401,  0.098 ), ( 0.092,  0.701,  0.092,  0.701 )
-0.1, -0.125, 0.0
0.1, -0.125, 0.0
0.1, 0.125, 0.0
-0.1, 0.125, 0.0
PR_279
RBT,( 5.875, -9.401,  0.098 ), ( 0.092, -0.701, -0.092,  0.701 )
-0.1, -0.125, 0.0
0.1, -0.125, 0.0
0.1, 0.125, 0.0
-0.1, 0.125, 0.0
PR_280
RBT,( 6.000, -9.522,  0.065 ), ( 0.793,  0.000,  0.000,  0.609 )
-0.125, -0.1, 0.0
0.125, -0.1, 0.0
0.125, 0.1, 0.0
-0.125, 0.1, 0.0
PR_281
RBT,( 6.000, -9.280,  0.130 ), (-0.609,  0.000,  0.000,  0.793 )
-0.125, -0.1, 0.0
0.125, -0.1, 0.0
0.125, 0.1, 0.0
-0.125, 0.1, 0.0
PR_282
RBT,( 6.000, -9.125,  0.201 ), ( 0.000,  0.000,  0.000,  1.000 )
-0.125, -0.125, 0.0
0.125, -0.125, 0.0
0.125, 0.125, 0.0
-0.125, 0.125, 0.0
PR_283
RBT,( 6.000, -9.125,  0.001 ), ( 0.000,  1.000,  0.000,  0.000 )
-0.125, -0.125, 0.0
0.125, -0.125, 0.0
0.125, 0.125, 0.0
-0.125, 0.125, 0.0
PR_284
RBT,( 6.125, -9.125,  0.101 ), ( 0.000,  0.707,  0.000,  0.707 )
-0.1, -0.125, 0.0
0.1, -0.125, 0.0
0.1, 0.125, 0.0
-0.1, 0.125, 0.0
PR_285
RBT,( 5.875, -9.125,  0.101 ), ( 0.000, -0.707, -0.000,  0.707 )
-0.1, -0.125, 0.0
0.1, -0.125, 0.0
0.1, 0.125, 0.0
-0.1, 0.125, 0.0
PR_286
RBT,( 6.000, -9.250,  0.101 ), ( 0.707,  0.000,  0.000,  0.707 )
-0.125, -0.1, 0.0
0.125, -0.1, 0.0
0.125, 0.1, 0.0
-0.125, 0.1, 0.0
PR_287
RBT,( 6.000, -9.000,  0.101 ), (-0.707,  0.000,  0.000,  0.707 )
-0.125, -0.1, 0.0
0.125, -0.1, 0.0
0.125, 0.1, 0.0
-0.125, 0.1, 0.0
PR_288
RBT,( 3.350,  0.000,  0.001 ), ( 0.000,  0.000,  0.000,  1.000 )
-0.3, -0.5, 0.0
0.3, -0.5, 0.0
0.3, 0.5, 0.0
-0.3, 0.5, 0.0
