PR_0
RBT,( 3.068,  2.867, -0.000 ), ( 0.000, -0.000,  0.000,  1.000 )
-3.130434274673462, -1.1504182815551758, 0.0
-2.9492249488830566, -1.4198747873306274, 0.0
-2.871488571166992, -1.523958444595337, 0.0
-2.791851043701172, -1.6300020217895508, 0.0
-2.7199082374572754, -1.7153269052505493, 0.0
-2.660060167312622, -1.77829909324646, 0.0
-1.5992954969406128, -2.690483570098877, 0.0
-1.3732606172561646, -2.8318593502044678, 0.0
-1.300681710243225, -2.874964475631714, 0.0
-1.2324515581130981, -2.910186529159546, 0.0
-0.9710623025894165, -3.0357143878936768, 0.0
-0.8376113176345825, -3.0904667377471924, 0.0
-0.5604472756385803, -3.199552297592163, 0.0
-0.512466311454773, -3.2158641815185547, 0.0
-0.3908303678035736, -3.254934787750244, 0.0
-0.15254414081573486, -3.317065477371216, 0.0
-0.05842221528291702, -3.337796449661255, 0.0
0.042314641177654266, -3.29720139503479, 0.0
0.1513594388961792, -3.1484878063201904, 0.0
2.128187417984009, -0.44811123609542847, 0.0
2.5567595958709717, 0.13820821046829224, 0.0
2.6026809215545654, 0.20356112718582153, 0.0
2.623955011367798, 0.2605209946632385, 0.0
2.3909804821014404, 0.4371832013130188, 0.0
-0.16235147416591644, 2.3027560710906982, 0.0
-0.37943777441978455, 2.4611613750457764, 0.0
-0.5797997713088989, 2.6013176441192627, 0.0
-2.5371227264404297, -0.06430450081825256, 0.0
-3.115262508392334, -0.8575066924095154, 0.0
-3.194387435913086, -0.9690749049186707, 0.0
-3.200174570083618, -1.0240613222122192, 0.0
PR_1
RBT,( 3.480,  3.480,  0.080 ), (-0.092,  0.092,  0.000,  0.991 )
-0.5234554409980774, 0.07899075001478195, 0.0
-0.23629793524742126, -0.21921944618225098, 0.0
-0.11905697733163834, -0.3366657793521881, 0.0
0.14397889375686646, -0.5947695970535278, 0.0
0.21785257756710052, -0.6324432492256165, 0.0
0.5398122072219849, -0.32134220004081726, 0.0
0.5731552243232727, -0.25145965814590454, 0.0
0.5605482459068298, -0.10090518742799759, 0.0
0.040228962898254395, 0.42238518595695496, 0.0
-0.09941720217466354, 0.5432387590408325, 0.0
-0.18122698366641998, 0.6136258840560913, 0.0
-0.24583517014980316, 0.6254846453666687, 0.0
-0.6385588049888611, 0.2180762141942978, 0.0
PR_2
RBT,( 3.037,  2.013,  1.342 ), ( 0.000,  0.707,  0.000,  0.707 )
-0.15422546863555908, -0.20020461082458496, 0.0
-0.15249253809452057, -0.2617866098880768, 0.0
-0.1418106108903885, -0.4004436135292053, 0.0
0.1449792981147766, -0.39943042397499084, 0.0
0.14727957546710968, -0.3264445960521698, 0.0
0.14818540215492249, -0.19726966321468353, 0.0
0.14907222986221313, 0.07999469339847565, 0.0
0.149332657456398, 0.22135354578495026, 0.0
0.1493484228849411, 0.3023505210876465, 0.0
0.14530986547470093, 0.39323362708091736, 0.0
-0.08714380115270615, 0.395294725894928, 0.0
-0.14930622279644012, 0.35619333386421204, 0.0
-0.15423017740249634, -0.14291226863861084, 0.0
PR_3
RBT,( 1.989,  2.250,  0.252 ), (-0.707, -0.000,  0.000,  0.707 )
-0.23605060577392578, -0.19045588374137878, 0.0
-0.20145058631896973, -0.23568221926689148, 0.0
-0.05927702784538269, -0.2417515069246292, 0.0
0.09861990064382553, -0.24181680381298065, 0.0
0.24239841103553772, -0.2366105169057846, 0.0
0.2566685676574707, -0.13887307047843933, 0.0
0.25819820165634155, 0.06420949846506119, 0.0
0.23893341422080994, 0.20547394454479218, 0.0
0.18197545409202576, 0.24071428179740906, 0.0
0.11991889029741287, 0.25360268354415894, 0.0
-0.1758236587047577, 0.24537383019924164, 0.0
-0.21768832206726074, 0.19687816500663757, 0.0
-0.23783253133296967, 0.13472166657447815, 0.0
PR_4
RBT,( 2.250,  1.985,  0.255 ), ( 0.000,  0.707,  0.000,  0.707 )
-0.24571532011032104, -0.10418420284986496, 0.0
-0.23386447131633759, -0.21650831401348114, 0.0
0.24523036181926727, -0.21822655200958252, 0.0
0.249679297208786, 0.06147405505180359, 0.0
0.2481948733329773, 0.2265797108411789, 0.0
0.164152130484581, 0.2478533238172531, 0.0
-0.15661028027534485, 0.24746409058570862, 0.0
-0.2361713945865631, 0.24266384541988373, 0.0
-0.24637290835380554, -0.04236992821097374, 0.0
PR_5
RBT,( 3.041,  3.068,  0.086 ), ( 0.092, -0.092,  0.000,  0.991 )
-0.6011354923248291, 0.1530594378709793, 0.0
-0.4363086223602295, -0.012938794679939747, 0.0
0.13488447666168213, -0.5855096578598022, 0.0
0.21807801723480225, -0.6447673439979553, 0.0
0.2651374936103821, -0.6058441996574402, 0.0
0.3864481449127197, -0.49823153018951416, 0.0
0.5089343190193176, -0.37963059544563293, 0.0
0.6092336773872375, -0.26926204562187195, 0.0
0.6164656281471252, -0.2072080820798874, 0.0
0.4568836987018585, -0.031823061406612396, 0.0
-0.06341375410556793, 0.4732319116592407, 0.0
-0.2191481590270996, 0.6052419543266296, 0.0
-0.6421571373939514, 0.22016702592372894, 0.0
PR_6
RBT,( 1.977,  2.029,  0.500 ), (-0.001, -0.000,  0.000,  1.000 )
-0.22385531663894653, -0.278743177652359, 0.0
-0.12766700983047485, -0.2745424509048462, 0.0
-0.00675796577706933, -0.26337718963623047, 0.0
0.1352851688861847, -0.23839686810970306, 0.0
0.23103836178779602, -0.22032438218593597, 0.0
0.25159958004951477, -0.15014833211898804, 0.0
0.2626771032810211, 0.07218743860721588, 0.0
0.23029853403568268, 0.22109249234199524, 0.0
-0.1707657277584076, 0.20438235998153687, 0.0
-0.22468051314353943, 0.16645263135433197, 0.0
-0.22669050097465515, 0.09969118982553482, 0.0
PR_7
RBT,( 3.728,  0.686,  0.048 ), (-0.001, -0.103,  0.000,  0.995 )
-0.24552348256111145, -0.5744444727897644, 0.0
-0.17558740079402924, -0.5075228810310364, 0.0
0.04380137473344803, -0.21414777636528015, 0.0
0.2320277988910675, 0.038754113018512726, 0.0
0.3661302626132965, 0.21981094777584076, 0.0
0.39529842138290405, 0.2785555124282837, 0.0
-0.13500480353832245, 0.3313654661178589, 0.0
-0.1855417639017105, 0.3239963948726654, 0.0
-0.1971500962972641, 0.26330551505088806, 0.0
-0.2548954486846924, -0.31493058800697327, 0.0
PR_8
RBT,( 3.960,  0.999,  0.051 ), (-0.687, -0.003,  0.000,  0.727 )
-0.18576408922672272, -0.0034838758874684572, 0.0
-0.12699350714683533, -0.017470000311732292, 0.0
0.1869368702173233, -0.08271896839141846, 0.0
0.1998947113752365, -0.03015066869556904, 0.0
0.19011393189430237, 0.041851870715618134, 0.0
0.1369301676750183, 0.05226730927824974, 0.0
-0.02521677315235138, 0.05114147439599037, 0.0
-0.22093068063259125, 0.04363536834716797, 0.0
-0.277431458234787, 0.02137719839811325, 0.0
PR_9
RBT,( 3.226,  3.293,  0.160 ), ( 0.011, -0.011,  0.000,  1.000 )
-0.32874158024787903, 0.294345885515213, 0.0
0.10453295707702637, -0.14492402970790863, 0.0
0.23532959818840027, -0.27028605341911316, 0.0
0.37931084632873535, -0.40656810998916626, 0.0
0.44060948491096497, -0.46213299036026, 0.0
0.3867514431476593, -0.35699161887168884, 0.0
-0.07184821367263794, 0.10097964107990265, 0.0
-0.2898269295692444, 0.31857970356941223, 0.0
-0.389851450920105, 0.39687973260879517, 0.0
