-0.03467101976275444, 0.1302061676979065
-0.02216927893459797, 0.05773882567882538
-0.003980169538408518, 0.002087219851091504
0.07717816531658173, -0.0029071287717670202
0.23025202751159668, 0.06647863239049911
0.2998459041118622, 0.09047563374042511
0.4026740491390228, 0.10479044914245605
0.4431975483894348, 0.04515910521149635
0.3716883063316345, 0.03927234932780266
0.3125257194042206, 0.033384017646312714
0.2512354552745819, -0.010376892983913422
0.21970777213573456, -0.05956520512700081
0.1456119865179062, -0.06946644186973572
0.06429498642683029, -0.11290719360113144
0.011189684271812439, -0.11171422153711319
-0.0652201771736145, -0.16150136291980743
-0.12681984901428223, -0.15644705295562744
-0.14995452761650085, -0.15454882383346558
-0.2339673489332199, -0.10353801399469376
-0.21609309315681458, -0.026815583929419518
-0.22065411508083344, 0.04564176872372627
-0.26852405071258545, 0.10878092795610428
-0.2860003411769867, 0.22948336601257324
-0.2269626408815384, 0.17393635213375092
-0.20417813956737518, 0.1134282723069191
-0.18710510432720184, 0.05238257348537445
-0.1535067856311798, -0.03218267485499382
-0.1100572794675827, -0.06386800110340118
-0.051431041210889816, -0.04866281524300575
-0.08993019908666611, 0.08041657507419586
-0.04884713888168335, 0.17901690304279327
-0.026752354577183723, -0.13643649220466614
-0.003980169538408518, 0.002087219851091504
0.2998459041118622, 0.09047563374042511
0.4026740491390228, 0.10479044914245605
0.4431975483894348, 0.04515910521149635
0.21970777213573456, -0.05956520512700081
0.06429498642683029, -0.11290719360113144
-0.12681984901428223, -0.15644705295562744
-0.08993019908666611, 0.08041657507419586
-0.04884713888168335, 0.17901690304279327
-0.03467101976275444, 0.1302061676979065
-0.003980169538408518, 0.002087219851091504
-0.026752354577183723, -0.13643649220466614
-0.0652201771736145, -0.16150136291980743
-0.2860003411769867, 0.22948336601257324
-0.2269626408815384, 0.17393635213375092
-0.1100572794675827, -0.06386800110340118
-0.12681984901428223, -0.15644705295562744
-0.14995452761650085, -0.15454882383346558
-0.2339673489332199, -0.10353801399469376
-0.26852405071258545, 0.10878092795610428
