-0.21458756923675537, 0.04316793009638786
-0.14219145476818085, 0.04396510869264603
0.28002408146858215, 0.04360983520746231
0.34482067823410034, -0.022977683693170547
0.27038583159446716, -0.03213561326265335
-0.2918083369731903, -0.023485535755753517
-0.2918083369731903, -0.023485535755753517
-0.21458756923675537, 0.04316793009638786
-0.14219145476818085, 0.04396510869264603
0.28002408146858215, 0.04360983520746231
0.34482067823410034, -0.022977683693170547
0.27038583159446716, -0.03213561326265335
