-0.21134521067142487, 0.533734142780304
0.06163272634148598, 0.528855562210083
0.15585879981517792, 0.5262734889984131
0.1612699180841446, 0.4475290775299072
0.16064998507499695, -0.13302184641361237
0.1606208086013794, -0.1603378802537918
0.15832437574863434, -0.5117722749710083
-0.18269826471805573, -0.5148067474365234
-0.28993478417396545, -0.5145757794380188
-0.29285869002342224, -0.43230631947517395
-0.2609004080295563, -0.2970452904701233
-0.18352894484996796, -0.2805595099925995
-0.08662040531635284, -0.2645866274833679
-0.04900246486067772, -0.2575807273387909
0.017772287130355835, -0.19434212148189545
0.029123008251190186, -0.1334298849105835
0.023674780502915382, -0.06977817416191101
0.020934943109750748, 0.009609872475266457
0.02545907162129879, 0.13204333186149597
0.014430866576731205, 0.20818856358528137
-0.030898362398147583, 0.2863423228263855
-0.049952950328588486, 0.28982293605804443
-0.12628401815891266, 0.30376532673835754
-0.18419289588928223, 0.3143426775932312
-0.2821224331855774, 0.33222994208335876
-0.2934792935848236, 0.4673337936401367
-0.29585158824920654, 0.5324420928955078
-0.29585158824920654, 0.5324420928955078
-0.21134521067142487, 0.533734142780304
0.06163272634148598, 0.528855562210083
0.15585879981517792, 0.5262734889984131
0.1612699180841446, 0.4475290775299072
0.16123493015766144, 0.41476356983184814
-0.030898362398147583, 0.2863423228263855
-0.2821224331855774, 0.33222994208335876
-0.2934792935848236, 0.4673337936401367
-0.030898362398147583, 0.2863423228263855
0.16123493015766144, 0.41476356983184814
0.16064998507499695, -0.13302184641361237
0.029123008251190186, -0.1334298849105835
-0.29285869002342224, -0.43230631947517395
-0.2609004080295563, -0.2970452904701233
0.029123008251190186, -0.1334298849105835
0.16064998507499695, -0.13302184641361237
0.1606208086013794, -0.1603378802537918
0.15832437574863434, -0.5117722749710083
-0.18269826471805573, -0.5148067474365234
-0.28993478417396545, -0.5145757794380188
