-0.1604209691286087, 0.23837171494960785
0.14507551491260529, 0.23809607326984406
0.18813344836235046, 0.07451119273900986
0.18825991451740265, -0.230234757065773
0.13056007027626038, -0.23723788559436798
-0.10778452455997467, -0.2383502870798111
-0.16114629805088043, -0.23771430552005768
-0.17167530953884125, -0.11819653958082199
-0.17329691350460052, -0.0044099376536905766
-0.16826722025871277, 0.09429270029067993
-0.17329691350460052, -0.0044099376536905766
-0.16826722025871277, 0.09429270029067993
-0.1604209691286087, 0.23837171494960785
0.14507551491260529, 0.23809607326984406
0.18813344836235046, 0.07451119273900986
0.18825991451740265, -0.230234757065773
0.13056007027626038, -0.23723788559436798
-0.10778452455997467, -0.2383502870798111
-0.16114629805088043, -0.23771430552005768
-0.17167530953884125, -0.11819653958082199
