-1.3674856424331665, 0.3875653147697449
-1.2629085779190063, 0.3693992495536804
-1.136038899421692, 0.34007328748703003
-1.0188018083572388, 0.34003669023513794
-0.9229503273963928, 0.3148878216743469
-0.8911953568458557, 0.3126019835472107
-0.7516480088233948, 0.3078228831291199
-0.668828547000885, 0.27255433797836304
-0.5729156136512756, 0.27236562967300415
-0.49793773889541626, 0.27229493856430054
-0.4117808938026428, 0.2571564316749573
-0.3055139183998108, 0.22372300922870636
-0.21691423654556274, 0.2235451489686966
-0.04183822497725487, 0.21221596002578735
0.023917609825730324, 0.14456982910633087
0.4024028182029724, 0.1444513350725174
0.4965171217918396, 0.12092598527669907
0.5131396651268005, 0.12123210728168488
0.5552186369895935, 0.21133704483509064
0.5668787360191345, 0.25740760564804077
0.5567616820335388, 0.3137276768684387
0.5576619505882263, 0.38690266013145447
0.5568413138389587, 0.461996853351593
0.5633134245872498, 0.5225446820259094
0.742942750453949, 0.521846354007721
0.8963775038719177, 0.522084653377533
1.1035895347595215, 0.5224311947822571
1.1566280126571655, 0.5107415318489075
1.2463274002075195, 0.4728246331214905
1.3117860555648804, 0.4469556510448456
1.3770965337753296, 0.4192398190498352
1.445030689239502, 0.38806408643722534
1.483701229095459, 0.37034872174263
1.6351170539855957, 0.30821794271469116
1.6880621910095215, 0.27356746792793274
1.813814640045166, 0.224043071269989
1.8606294393539429, 0.20055168867111206
1.941977858543396, 0.14375637471675873
2.0213608741760254, 0.12150747328996658
2.119452953338623, 0.12071332335472107
2.226217746734619, 0.07436864823102951
2.29838228225708, 0.07292970269918442
2.3580641746520996, 0.04607600346207619
2.4091429710388184, 0.029193444177508354
2.4702305793762207, 0.007702090311795473
2.545753002166748, -0.03139440715312958
2.5958380699157715, -0.044346995651721954
2.653048038482666, -0.06338438391685486
2.6741347312927246, -0.15428964793682098
2.7943530082702637, -0.15460948646068573
2.879974842071533, -0.16020652651786804
2.824655055999756, -0.2574540972709656
2.8049750328063965, -0.31040146946907043
2.7721009254455566, -0.3653988242149353
2.6944127082824707, -0.36938419938087463
2.5266432762145996, -0.36749547719955444
2.3338541984558105, -0.3666800856590271
2.1216416358947754, -0.36644357442855835
2.0420823097229004, -0.35513848066329956
1.9259876012802124, -0.3575141727924347
1.8364834785461426, -0.35590285062789917
1.7547305822372437, -0.35743454098701477
1.6704325675964355, -0.3557891249656677
1.5931543111801147, -0.3571602404117584
1.5384163856506348, -0.3550942540168762
1.4645971059799194, -0.35638266801834106
1.3887138366699219, -0.35481759905815125
1.3651752471923828, -0.3552291989326477
1.2683091163635254, -0.3689531683921814
1.1955560445785522, -0.3724055588245392
1.0386762619018555, -0.3698897957801819
0.8261827826499939, -0.3696499466896057
0.7635578513145447, -0.3720833361148834
0.570743978023529, -0.3705783486366272
0.5475203990936279, -0.37056344747543335
0.4517163634300232, -0.3705020546913147
0.3970879912376404, -0.372220903635025
0.311703622341156, -0.37093549966812134
0.20402520895004272, -0.37028926610946655
0.07699722051620483, -0.37011367082595825
0.006561689544469118, -0.3718797266483307
-0.17983967065811157, -0.3696574568748474
-0.26395517587661743, -0.3715222179889679
-0.32853275537490845, -0.3709455132484436
-0.4323144555091858, -0.37103158235549927
-0.5308499932289124, -0.36935776472091675
-0.613227903842926, -0.3689579367637634
-0.6329427361488342, -0.3690705895423889
-0.7252936959266663, -0.3736003041267395
-0.8149147629737854, -0.37112826108932495
-1.0142828226089478, -0.3708541989326477
-1.0888983011245728, -0.3710401654243469
-1.1505738496780396, -0.37212175130844116
-1.2352752685546875, -0.3714854121208191
-1.3131461143493652, -0.3709947466850281
-1.3733078241348267, -0.37084609270095825
-1.3707705736160278, -0.31856733560562134
-1.3705445528030396, -0.29428237676620483
-1.3709756135940552, -0.15277379751205444
-1.3793153762817383, -0.08457833528518677
-1.381459355354309, 0.04406436160206795
-1.37175714969635, 0.12160045653581619
-1.3701006174087524, 0.2580881714820862
-1.3722015619277954, 0.2699245810508728
-1.4358258247375488, 0.3512656092643738
0.5131396651268005, 0.12123210728168488
0.5633134245872498, 0.5225446820259094
1.1035895347595215, 0.5224311947822571
1.1566280126571655, 0.5107415318489075
2.4702305793762207, 0.007702090311795473
2.653048038482666, -0.06338438391685486
2.879974842071533, -0.16020652651786804
2.8049750328063965, -0.31040146946907043
2.7721009254455566, -0.3653988242149353
2.6944127082824707, -0.36938419938087463
1.1955560445785522, -0.3724055588245392
0.7635578513145447, -0.3720833361148834
0.5475203990936279, -0.37056344747543335
-1.4358258247375488, 0.3512656092643738
-1.3674856424331665, 0.3875653147697449
-0.7516480088233948, 0.3078228831291199
-0.04183822497725487, 0.21221596002578735
0.4024028182029724, 0.1444513350725174
0.5131396651268005, 0.12123210728168488
0.5475203990936279, -0.37056344747543335
0.3970879912376404, -0.372220903635025
-0.7252936959266663, -0.3736003041267395
-1.1505738496780396, -0.37212175130844116
-1.3733078241348267, -0.37084609270095825
