-0.028253279626369476, 0.157076895236969
0.023648031055927277, 0.19987742602825165
0.02703891135752201, 0.09555555135011673
0.026225566864013672, -0.14650675654411316
0.02576981857419014, -0.2520301640033722
-0.028949223458766937, -0.17950305342674255
-0.029109390452504158, 0.03264528885483742
-0.029109390452504158, 0.03264528885483742
-0.028253279626369476, 0.157076895236969
0.023648031055927277, 0.19987742602825165
0.02703891135752201, 0.09555555135011673
0.026225566864013672, -0.14650675654411316
0.02576981857419014, -0.2520301640033722
-0.028949223458766937, -0.17950305342674255
