-0.3108327388763428, 0.19637523591518402
-0.2942054271697998, 0.244375541806221
0.2300572693347931, 0.24465611577033997
0.3222336173057556, 0.22962309420108795
0.33751416206359863, 0.16452805697917938
0.32896843552589417, -0.2463884800672531
-0.2951381504535675, -0.2435750514268875
-0.3108327388763428, 0.19637523591518402
-0.2942054271697998, 0.244375541806221
0.2300572693347931, 0.24465611577033997
0.3222336173057556, 0.22962309420108795
0.33751416206359863, 0.16452805697917938
0.32896843552589417, -0.2463884800672531
-0.2951381504535675, -0.2435750514268875
