-0.3512069880962372, 0.30838635563850403
-0.3107520341873169, 0.3453383147716522
-0.20461805164813995, 0.3494814336299896
0.15010519325733185, 0.3506404459476471
0.267795205116272, 0.3316888213157654
0.268083393573761, -0.3174538016319275
0.25189971923828125, -0.38830649852752686
-0.061636555939912796, -0.32726362347602844
-0.26353439688682556, -0.2871873676776886
-0.3458208739757538, -0.2691081166267395
-0.3564085364341736, -0.09832979738712311
-0.35842540860176086, -0.014753365889191628
-0.35842540860176086, -0.014753365889191628
-0.3512069880962372, 0.30838635563850403
-0.3107520341873169, 0.3453383147716522
-0.20461805164813995, 0.3494814336299896
0.15010519325733185, 0.3506404459476471
0.267795205116272, 0.3316888213157654
0.268083393573761, -0.3174538016319275
0.25189971923828125, -0.38830649852752686
-0.061636555939912796, -0.32726362347602844
-0.26353439688682556, -0.2871873676776886
-0.3458208739757538, -0.2691081166267395
-0.3564085364341736, -0.09832979738712311
