-0.3437148630619049, 0.19756847620010376
-0.2803255021572113, 0.22393761575222015
0.34955155849456787, 0.22396588325500488
0.38066160678863525, 0.1839943528175354
0.3852939009666443, 0.12284863740205765
0.3845311105251312, -0.1503012776374817
0.306687593460083, -0.22830671072006226
-0.23765458166599274, -0.23009289801120758
-0.3343244194984436, -0.22598125040531158
-0.36338701844215393, -0.17729398608207703
-0.36338701844215393, -0.17729398608207703
-0.3437148630619049, 0.19756847620010376
-0.2803255021572113, 0.22393761575222015
0.34955155849456787, 0.22396588325500488
0.38066160678863525, 0.1839943528175354
0.3852939009666443, 0.12284863740205765
0.3845311105251312, -0.1503012776374817
0.306687593460083, -0.22830671072006226
-0.23765458166599274, -0.23009289801120758
-0.3343244194984436, -0.22598125040531158
