-0.36233898997306824, 0.17452141642570496
-0.362078994512558, 0.23497512936592102
-0.26686298847198486, 0.27080491185188293
0.11965031176805496, 0.34980469942092896
0.2497570514678955, 0.37252911925315857
0.2612285315990448, 0.252671480178833
0.26297086477279663, 0.11245959997177124
0.26356393098831177, -0.048694442957639694
0.26371005177497864, -0.24131664633750916
0.262404203414917, -0.2984675168991089
0.20506715774536133, -0.347268670797348
0.14228306710720062, -0.35472550988197327
-0.18799558281898499, -0.3592865467071533
-0.2796054780483246, -0.3438706398010254
-0.3580002784729004, -0.3179442286491394
-0.3594413995742798, -0.22335997223854065
-0.3613097369670868, -0.0797610804438591
-0.36233898997306824, 0.17452141642570496
-0.362078994512558, 0.23497512936592102
-0.26686298847198486, 0.27080491185188293
0.11965031176805496, 0.34980469942092896
0.2497570514678955, 0.37252911925315857
0.2612285315990448, 0.252671480178833
0.26297086477279663, 0.11245959997177124
0.26356393098831177, -0.048694442957639694
0.26371005177497864, -0.24131664633750916
0.262404203414917, -0.2984675168991089
0.20506715774536133, -0.347268670797348
0.14228306710720062, -0.35472550988197327
-0.18799558281898499, -0.3592865467071533
-0.2796054780483246, -0.3438706398010254
-0.3580002784729004, -0.3179442286491394
-0.3594413995742798, -0.22335997223854065
-0.3613097369670868, -0.0797610804438591
