-2.5994513034820557, 0.8729867935180664
-2.5972657203674316, 0.9456056356430054
-2.557736873626709, 1.0371495485305786
-1.830747365951538, 1.0368750095367432
-1.47434401512146, 1.0367463827133179
-1.3796446323394775, 1.065988302230835
-1.3271152973175049, 1.0657930374145508
-1.2171494960784912, 1.0657949447631836
-1.159456491470337, 1.0659927129745483
-1.1018686294555664, 1.1417244672775269
-1.097292184829712, 1.2286063432693481
-1.1020673513412476, 1.2872205972671509
-1.1023101806640625, 1.3904271125793457
-1.0995672941207886, 1.4448740482330322
-1.098931074142456, 1.5548666715621948
-1.0112892389297485, 1.555835485458374
-0.8990042805671692, 1.554585576057434
-0.8613715767860413, 1.5082831382751465
-0.8594242334365845, 1.3875850439071655
-0.8584274053573608, 1.365802526473999
-0.7985110878944397, 1.2874927520751953
-0.7408211827278137, 1.2865016460418701
-0.6781318783760071, 1.2873823642730713
-0.596616804599762, 1.2859972715377808
-0.5316241383552551, 1.2703033685684204
-0.41918426752090454, 1.2705591917037964
-0.3542027771472931, 1.2876579761505127
-0.33633214235305786, 1.3447651863098145
-0.23309354484081268, 1.3983845710754395
-0.1803775280714035, 1.430920124053955
-0.10218840092420578, 1.508134126663208
-0.008655594661831856, 1.55551278591156
0.13350458443164825, 1.5554468631744385
0.1929151564836502, 1.519431471824646
0.28457969427108765, 1.555012583732605
0.39250582456588745, 1.555659532546997
0.4780868887901306, 1.5569475889205933
0.5328409075737, 1.5552231073379517
0.6521434187889099, 1.5552986860275269
0.8766152262687683, 1.5556071996688843
0.9270152449607849, 1.5190448760986328
0.9798988699913025, 1.5559663772583008
1.0457258224487305, 1.5532113313674927
1.142575979232788, 1.5189932584762573
1.2339651584625244, 1.5542995929718018
1.3976271152496338, 1.556435227394104
1.4609119892120361, 1.5184500217437744
1.521770715713501, 1.5553550720214844
1.7968432903289795, 1.5567671060562134
1.8711764812469482, 1.5174440145492554
1.96425461769104, 1.5004948377609253
1.9876105785369873, 1.4994831085205078
2.0056135654449463, 1.4991090297698975
2.1198699474334717, 1.499488353729248
2.1737468242645264, 1.501387596130371
2.300983190536499, 1.4997178316116333
2.389240026473999, 1.499716877937317
2.460141897201538, 1.498378872871399
2.5255911350250244, 1.4997931718826294
2.6034319400787354, 1.512427806854248
3.278548002243042, 1.5122510194778442
4.966691493988037, 1.5127288103103638
5.0529680252075195, 1.5136464834213257
5.1171793937683105, 1.5125312805175781
5.208606243133545, 1.5135904550552368
5.276580333709717, 1.5124441385269165
5.37374210357666, 1.5135973691940308
5.470364093780518, 1.5119508504867554
5.549447536468506, 1.5135594606399536
5.626269817352295, 1.5122041702270508
5.710071086883545, 1.5138310194015503
5.791340351104736, 1.5123165845870972
5.880317211151123, 1.5139100551605225
5.966466426849365, 1.5121761560440063
6.0611252784729, 1.5136744976043701
6.1218342781066895, 1.5123484134674072
6.221710681915283, 1.5137273073196411
6.285678386688232, 1.512211561203003
6.357968807220459, 1.5142438411712646
6.458706378936768, 1.5116678476333618
6.535257816314697, 1.513592004776001
6.605845928192139, 1.5116360187530518
6.6861252784729, 1.5134536027908325
6.760019779205322, 1.5112568140029907
6.813066005706787, 1.3742386102676392
6.8566107749938965, 1.3415991067886353
6.897057056427002, 1.2234716415405273
6.905188083648682, 1.1519854068756104
6.934149265289307, 1.1032041311264038
6.915531635284424, 1.0432372093200684
6.790771007537842, 1.0096752643585205
6.6977009773254395, 1.0822458267211914
6.660218715667725, 1.083414077758789
6.623157024383545, 1.0845417976379395
6.54182767868042, 1.0834205150604248
6.3934454917907715, 1.0841790437698364
6.117173671722412, 1.0846914052963257
6.048738956451416, 1.0831891298294067
5.982110500335693, 1.0423318147659302
5.924475193023682, 1.010159969329834
5.837125301361084, 0.9805401563644409
5.7831950187683105, 0.9493025541305542
5.696537494659424, 0.910093367099762
5.615601062774658, 0.8796170949935913
5.57793664932251, 0.8644760847091675
5.5039448738098145, 0.8336694836616516
5.451109409332275, 0.7992666959762573
5.386195659637451, 0.7763780355453491
5.268738746643066, 0.7471070289611816
5.185477256774902, 0.6861448287963867
5.131863117218018, 0.6705480217933655
5.033850193023682, 0.6250143647193909
4.985347270965576, 0.6035997867584229
4.95775842666626, 0.5900740027427673
4.886480808258057, 0.5269609689712524
4.876188278198242, 0.46569013595581055
4.874702453613281, 0.37574055790901184
4.887033939361572, 0.2614358961582184
4.885390758514404, 0.19925940036773682
4.86865758895874, 0.15191394090652466
4.859691143035889, 0.12506824731826782
4.853296756744385, 0.1052279993891716
4.883998394012451, 0.010315727442502975
4.864955425262451, -0.06566818803548813
4.602294445037842, -0.06557656079530716
4.538898944854736, -0.052450310438871384
4.531327724456787, 0.008653048425912857
4.530721664428711, 0.07405360043048859
4.529834747314453, 0.1320420801639557
4.541403293609619, 0.19899454712867737
4.5371222496032715, 0.26337671279907227
4.530272006988525, 0.3458406329154968
4.538703441619873, 0.40774232149124146
4.542046070098877, 0.6860549449920654
4.530142307281494, 0.8642107248306274
4.536023139953613, 0.9817760586738586
4.47969388961792, 1.0426028966903687
4.396114349365234, 1.0425974130630493
4.305805683135986, 1.020856499671936
4.117120265960693, 1.0088380575180054
3.9927289485931396, 0.9814329147338867
3.9103024005889893, 0.9816988706588745
3.820836305618286, 0.953010082244873
3.767777681350708, 0.9493653774261475
3.637310743331909, 0.9312901496887207
3.563034772872925, 0.9257256984710693
3.4648096561431885, 0.9093049764633179
3.4015004634857178, 0.9093606472015381
3.361643075942993, 0.9091989994049072
3.2783539295196533, 0.8801696300506592
3.1673662662506104, 0.8644635677337646
3.028879404067993, 0.8502057790756226
2.9340336322784424, 0.8328584432601929
2.837458372116089, 0.8328826427459717
2.8021061420440674, 0.8328664302825928
2.781949281692505, 0.8328408002853394
2.690791368484497, 0.8002318143844604
2.606384515762329, 0.7957139015197754
2.537396192550659, 0.8021680116653442
2.454576253890991, 0.8029269576072693
2.3987629413604736, 0.7507009506225586
2.3180243968963623, 0.7509244680404663
2.2392184734344482, 0.7510643005371094
2.204521894454956, 0.7500404119491577
2.109238386154175, 0.7066760063171387
2.0108163356781006, 0.6941781044006348
1.9426653385162354, 0.693962812423706
1.8593776226043701, 0.6862121820449829
1.768035650253296, 0.6737500429153442
1.704953908920288, 0.6733694076538086
1.5214869976043701, 0.6399267315864563
1.4412786960601807, 0.6285622715950012
1.368072509765625, 0.619731068611145
1.2962584495544434, 0.6106678247451782
1.200937032699585, 0.6125277876853943
1.102623701095581, 0.5869849324226379
1.046419620513916, 0.5830241441726685
0.9582545757293701, 0.547236442565918
0.9210796356201172, 0.49222806096076965
0.9219081401824951, 0.4281300902366638
0.9037191271781921, 0.33004701137542725
0.9180004596710205, 0.2667618691921234
0.9255402088165283, 0.18464528024196625
0.925856351852417, 0.12371515482664108
0.9229216575622559, 0.005462620873004198
0.9188635349273682, -0.07358542829751968
0.905636727809906, -0.15688705444335938
0.9284870624542236, -0.25446656346321106
0.9219298362731934, -0.33349519968032837
0.9254879951477051, -0.39849233627319336
0.9258191585540771, -0.4938681125640869
0.9227895736694336, -0.5522840023040771
0.9274687767028809, -0.6294122934341431
0.9245090484619141, -0.6914434432983398
0.922497034072876, -0.7754793167114258
0.9233214855194092, -1.010088562965393
0.9250743389129639, -1.1086735725402832
0.9207801818847656, -1.2065941095352173
0.9204702377319336, -1.2705706357955933
0.8713483214378357, -1.3066210746765137
0.8490588068962097, -1.355286955833435
0.8424860835075378, -1.3938170671463013
0.9213066101074219, -1.431627631187439
1.022165298461914, -1.4723496437072754
1.0420019626617432, -1.4753060340881348
1.0635850429534912, -1.4760377407073975
1.1141982078552246, -1.4769175052642822
1.1807634830474854, -1.4961055517196655
1.2065637111663818, -1.5026777982711792
1.2594013214111328, -1.511318564414978
1.3945443630218506, -1.5435740947723389
1.519249677658081, -1.5508581399917603
1.5882351398468018, -1.5510579347610474
1.665109395980835, -1.5817152261734009
1.607222318649292, -1.5812098979949951
1.5255153179168701, -1.5751454830169678
1.4723541736602783, -1.5809102058410645
1.2754154205322266, -1.5800273418426514
1.0588624477386475, -1.5794612169265747
0.9805750250816345, -1.5748310089111328
0.8834723830223083, -1.5736322402954102
0.8249751925468445, -1.5684525966644287
0.7619749903678894, -1.5679203271865845
0.7014848589897156, -1.5677725076675415
0.42526859045028687, -1.5678128004074097
0.36075732111930847, -1.546582818031311
0.32290762662887573, -1.5093724727630615
0.30197927355766296, -1.4942898750305176
0.2225668579339981, -1.5545071363449097
0.24011655151844025, -1.5762296915054321
0.28430959582328796, -1.6261146068572998
0.3337079882621765, -1.6757134199142456
0.3596646189689636, -1.6992709636688232
0.3994863033294678, -1.7329038381576538
0.4445425868034363, -1.797617793083191
-0.10564808547496796, -1.7974425554275513
-0.1432255208492279, -1.7975088357925415
-0.19764046370983124, -1.7976046800613403
-0.5409014821052551, -1.7990081310272217
-0.5992096066474915, -1.7955951690673828
-0.7008597254753113, -1.7979464530944824
-0.7989314198493958, -1.7978301048278809
-1.1407846212387085, -1.798977017402649
-1.2386283874511719, -1.7951232194900513
-1.2968848943710327, -1.7949496507644653
-1.4425891637802124, -1.7946670055389404
-1.5227123498916626, -1.79903244972229
-1.604629635810852, -1.7985408306121826
-1.6838250160217285, -1.7962483167648315
-1.7778148651123047, -1.7948288917541504
-1.8409655094146729, -1.7946572303771973
-1.8820184469223022, -1.7946642637252808
-1.9108887910842896, -1.7946813106536865
-1.9861501455307007, -1.7982869148254395
-2.0396010875701904, -1.7945668697357178
-2.1031949520111084, -1.799439787864685
-2.2403223514556885, -1.7945992946624756
-2.2951550483703613, -1.7945314645767212
-2.379344940185547, -1.7944658994674683
-2.3980257511138916, -1.7944698333740234
-2.5239250659942627, -1.7945141792297363
-2.5977046489715576, -1.7479867935180664
-2.5983123779296875, -1.6290829181671143
-2.6008825302124023, -1.5475983619689941
-2.5970144271850586, -1.46701979637146
-2.59942626953125, -1.3937376737594604
-2.599076986312866, -1.2803916931152344
-2.6002085208892822, -1.2130111455917358
-2.5996718406677246, -1.0143768787384033
-2.6014199256896973, -0.7371334433555603
-2.602567672729492, -0.6165735125541687
-2.60189151763916, -0.5462952852249146
-2.602506160736084, -0.411812424659729
-2.6040470600128174, -0.2706518769264221
-2.6017017364501953, -0.17878912389278412
-2.602725028991699, -0.10939516127109528
-2.6008551120758057, -0.05095084011554718
-2.6020984649658203, 0.004553928039968014
-2.602086067199707, 0.16715289652347565
-2.5999417304992676, 0.2256140261888504
-2.598839521408081, 0.3245423436164856
-2.5996592044830322, 0.457994282245636
-2.5963618755340576, 0.51784747838974
-2.597803831100464, 0.590239405632019
-2.5955629348754883, 0.6456750631332397
-2.5984232425689697, 0.7210508584976196
-2.598069906234741, 0.7912615537643433
0.37161463499069214, -1.5501558780670166
0.8424860835075378, -1.3938170671463013
1.5882351398468018, -1.5510579347610474
1.665109395980835, -1.5817152261734009
1.0588624477386475, -1.5794612169265747
0.42526859045028687, -1.5678128004074097
-0.4725916087627411, -0.8694320917129517
0.2225668579339981, -1.5545071363449097
0.3994863033294678, -1.7329038381576538
0.4445425868034363, -1.797617793083191
-0.1432255208492279, -1.7975088357925415
-0.5316241383552551, 1.2703033685684204
-0.10218840092420578, 1.508134126663208
-0.008655594661831856, 1.55551278591156
0.4780868887901306, 1.5569475889205933
0.4798662066459656, 1.5569473505020142
0.9582545757293701, 0.547236442565918
0.9250743389129639, -1.1086735725402832
0.9204702377319336, -1.2705706357955933
0.8424860835075378, -1.3938170671463013
0.37161463499069214, -1.5501558780670166
0.2225668579339981, -1.5545071363449097
-0.4725916087627411, -0.8694320917129517
-0.5301474928855896, -0.707253098487854
0.4798662066459656, 1.5569473505020142
1.7968432903289795, 1.5567671060562134
4.447691917419434, 1.5332835912704468
4.535046100616455, 1.3717494010925293
4.47969388961792, 1.0426028966903687
2.109238386154175, 0.7066760063171387
0.9582545757293701, 0.547236442565918
4.47969388961792, 1.0426028966903687
4.535046100616455, 1.3717494010925293
4.95775842666626, 0.5900740027427673
4.883998394012451, 0.010315727442502975
4.864955425262451, -0.06566818803548813
4.602294445037842, -0.06557656079530716
4.538898944854736, -0.052450310438871384
4.531327724456787, 0.008653048425912857
4.447691917419434, 1.5332835912704468
5.9487504959106445, 1.5199859142303467
6.048738956451416, 1.0831891298294067
5.982110500335693, 1.0423318147659302
5.924475193023682, 1.010159969329834
5.451109409332275, 0.7992666959762573
5.185477256774902, 0.6861448287963867
4.95775842666626, 0.5900740027427673
5.9487504959106445, 1.5199859142303467
6.6861252784729, 1.5134536027908325
6.760019779205322, 1.5112568140029907
6.8566107749938965, 1.3415991067886353
6.897057056427002, 1.2234716415405273
6.934149265289307, 1.1032041311264038
6.915531635284424, 1.0432372093200684
6.790771007537842, 1.0096752643585205
6.048738956451416, 1.0831891298294067
-1.0998584032058716, 0.8980591893196106
-0.7985110878944397, 1.2874927520751953
-0.6781318783760071, 1.2873823642730713
-0.596616804599762, 1.2859972715377808
-0.5316241383552551, 1.2703033685684204
-0.5301474928855896, -0.707253098487854
-1.159456491470337, 1.0659927129745483
-1.098931074142456, 1.5548666715621948
-1.0112892389297485, 1.555835485458374
-0.8990042805671692, 1.554585576057434
-0.8613715767860413, 1.5082831382751465
-0.7985110878944397, 1.2874927520751953
-1.0998584032058716, 0.8980591893196106
-2.6040470600128174, -0.2706518769264221
-2.5994513034820557, 0.8729867935180664
-2.5972657203674316, 0.9456056356430054
-2.557736873626709, 1.0371495485305786
-1.3796446323394775, 1.065988302230835
-1.159456491470337, 1.0659927129745483
-0.1432255208492279, -1.7975088357925415
-0.5409014821052551, -1.7990081310272217
-2.1031949520111084, -1.799439787864685
-2.5239250659942627, -1.7945141792297363
-2.5977046489715576, -1.7479867935180664
-2.6008825302124023, -1.5475983619689941
