-0.2296406775712967, 0.04030265286564827
-0.022534489631652832, 0.09013079851865768
0.09793048352003098, 0.09125324338674545
0.14844302833080292, 0.07627549022436142
0.32660219073295593, 0.01728343404829502
0.29746681451797485, -0.035263486206531525
-0.0034065558575093746, -0.09265293180942535
-0.30311107635498047, -0.03341617062687874
-0.30311107635498047, -0.03341617062687874
-0.2296406775712967, 0.04030265286564827
-0.022534489631652832, 0.09013079851865768
0.09793048352003098, 0.09125324338674545
0.14844302833080292, 0.07627549022436142
0.32660219073295593, 0.01728343404829502
0.29746681451797485, -0.035263486206531525
-0.0034065558575093746, -0.09265293180942535
