-0.9427925944328308, 0.33524978160858154
-0.7644459009170532, 0.3356853127479553
-0.7068110108375549, 0.3362981677055359
-0.6128961443901062, 0.33499494194984436
-0.5682140588760376, 0.33562079071998596
-0.49640294909477234, 0.3885604441165924
-0.4770542085170746, 0.4509047865867615
-0.4666142463684082, 0.515788733959198
-0.4691157937049866, 0.5956220626831055
-0.4644967317581177, 0.6748678684234619
-0.46591633558273315, 0.736891508102417
-0.46614471077919006, 0.858035147190094
-0.49015769362449646, 0.9168122410774231
-0.4656231105327606, 1.0193685293197632
-0.4718223512172699, 1.0817739963531494
-0.4088723063468933, 1.0953693389892578
-0.3440023362636566, 1.1026307344436646
-0.2888484597206116, 1.0933208465576172
-0.22597667574882507, 1.1016541719436646
-0.06993123888969421, 1.1016523838043213
-0.005627224687486887, 1.0948981046676636
-0.00624235812574625, 0.9978429079055786
-0.009088501334190369, 0.9381395578384399
-0.006156499031931162, 0.8528663516044617
-0.00868612714111805, 0.7165350317955017
-0.004102849867194891, 0.6127545833587646
0.0026701316237449646, 0.5351259112358093
-0.005763575900346041, 0.47128501534461975
-0.007704439572989941, 0.40996599197387695
-0.005474649369716644, 0.33642762899398804
0.002825039904564619, 0.27701815962791443
-0.009802533313632011, 0.21683041751384735
-0.021412592381238937, 0.13313014805316925
-0.021935205906629562, 0.11690504848957062
-0.022001009434461594, 0.09772546589374542
-0.021294336766004562, 0.0763043612241745
-0.019686441868543625, 0.05344162508845329
-4.1872309520840645E-4, -0.13632100820541382
9.541207109577954E-4, -0.2652900218963623
-1.062225055648014E-4, -0.2733200788497925
-0.009678376838564873, -0.3458107113838196
-0.008449696935713291, -0.39487114548683167
0.05059230700135231, -0.42877528071403503
0.13471165299415588, -0.4477146565914154
0.32997557520866394, -0.46595269441604614
0.4008372128009796, -0.44167518615722656
0.519324541091919, -0.435935914516449
0.6101316809654236, -0.43848851323127747
0.6561408638954163, -0.4389514923095703
0.7388461828231812, -0.4366215169429779
0.9115737080574036, -0.46899837255477905
0.976475179195404, -0.4422120153903961
1.0446124076843262, -0.39524781703948975
1.062917947769165, -0.31097137928009033
1.0486901998519897, -0.22520168125629425
1.04483163356781, -0.13146281242370605
1.0556224584579468, -0.028691228479146957
1.0369943380355835, 0.07627519965171814
1.0361074209213257, 0.1589137762784958
1.0633405447006226, 0.25881022214889526
1.0524638891220093, 0.3572114109992981
1.0482934713363647, 0.43673017621040344
1.0466396808624268, 0.5045071244239807
1.0331807136535645, 0.5960807800292969
1.0415797233581543, 0.6557945609092712
1.0303033590316772, 0.7392817139625549
1.0619757175445557, 0.8077167272567749
1.0927081108093262, 0.8648595213890076
1.0481189489364624, 0.9092608094215393
1.0283732414245605, 0.9633356928825378
1.0310691595077515, 1.0363361835479736
1.014793872833252, 1.0886313915252686
1.0759470462799072, 1.1014297008514404
1.2339282035827637, 1.1040440797805786
1.33234441280365, 1.1026939153671265
1.4931728839874268, 1.1017735004425049
1.4970840215682983, 1.0312347412109375
1.506150484085083, 0.9270196557044983
1.4863046407699585, 0.8317691087722778
1.5405244827270508, 0.81227046251297
1.5353107452392578, 0.7173336744308472
1.5028318166732788, 0.6554304957389832
1.5379047393798828, 0.6128722429275513
1.4981549978256226, 0.5354634523391724
1.507920742034912, 0.47394096851348877
1.4805587530136108, 0.3552088439464569
1.4999221563339233, 0.2580879032611847
1.4715503454208374, 0.163176491856575
1.468267798423767, 0.13315819203853607
1.4674676656723022, 0.11691628396511078
1.4684556722640991, 0.07627348601818085
1.4778379201889038, -0.13881754875183105
1.5316399335861206, -0.27103981375694275
1.5385894775390625, -0.34120866656303406
1.523277997970581, -0.39581722021102905
1.4966405630111694, -0.43829378485679626
1.4784635305404663, -0.4752941429615021
1.475507140159607, -0.5218263864517212
1.5414400100708008, -0.5550286769866943
1.5376681089401245, -0.6427989602088928
1.5390080213546753, -0.7257241010665894
1.4816994667053223, -0.7716914415359497
1.409348726272583, -0.8375568985939026
1.3073725700378418, -0.8391358852386475
1.2251687049865723, -0.8862791657447815
1.1552233695983887, -0.8397216200828552
1.1051383018493652, -0.8406757712364197
1.0278372764587402, -0.885574221611023
0.9964966177940369, -0.9586535692214966
0.9555343389511108, -1.022301435470581
0.886870801448822, -1.0334689617156982
0.8343203663825989, -1.0274778604507446
0.7953419089317322, -1.0267595052719116
0.7260174751281738, -1.0339739322662354
0.5747952461242676, -1.033966064453125
0.49651381373405457, -1.029100775718689
0.45732051134109497, -1.027607798576355
0.3884795010089874, -1.0273122787475586
0.22831755876541138, -1.0275042057037354
0.17127275466918945, -1.0283091068267822
0.1146787777543068, -1.025219440460205
0.03160993382334709, -1.0253316164016724
0.008885741233825684, -0.9624958634376526
-0.04458385705947876, -0.8853344321250916
-0.09893184900283813, -0.8324472904205322
-0.12951824069023132, -0.831114649772644
-0.20730134844779968, -0.8311777114868164
-0.4655572474002838, -0.8316764831542969
-0.4665200114250183, -0.7278223633766174
-0.44879502058029175, -0.641843855381012
-0.4686862826347351, -0.5243765711784363
-0.4422151446342468, -0.46552836894989014
-0.4709746539592743, -0.4220705032348633
-0.47076860070228577, -0.34406158328056335
-0.4851069450378418, -0.2675155997276306
-0.46977919340133667, -0.20596487820148468
-0.5376319885253906, -0.13904064893722534
-0.5642935037612915, -0.1361250877380371
-0.6098653674125671, -0.13597649335861206
-0.7350074648857117, -0.13597683608531952
-0.8683001399040222, -0.13599494099617004
-1.4082013368606567, -0.13608087599277496
-1.4487005472183228, -0.10500095039606094
-1.4441167116165161, 0.11691323667764664
-1.443855881690979, 0.13315072655677795
-1.4483367204666138, 0.2579743266105652
-1.4671884775161743, 0.3354204297065735
-0.49640294909477234, 0.3885604441165924
-0.49015769362449646, 0.9168122410774231
-0.4718223512172699, 1.0817739963531494
-0.4088723063468933, 1.0953693389892578
-0.3440023362636566, 1.1026307344436646
-0.06993123888969421, 1.1016523838043213
-0.005627224687486887, 1.0948981046676636
0.0026701316237449646, 0.5351259112358093
0.002825039904564619, 0.27701815962791443
9.541207109577954E-4, -0.2652900218963623
-1.062225055648014E-4, -0.2733200788497925
1.014793872833252, 1.0886313915252686
1.0759470462799072, 1.1014297008514404
1.2339282035827637, 1.1040440797805786
1.4931728839874268, 1.1017735004425049
1.5405244827270508, 0.81227046251297
1.5385894775390625, -0.34120866656303406
1.5382360219955444, -0.3424695134162903
1.062917947769165, -0.31097137928009033
1.0486901998519897, -0.22520168125629425
1.04483163356781, -0.13146281242370605
1.0369943380355835, 0.07627519965171814
0.9115737080574036, -0.46899837255477905
1.062917947769165, -0.31097137928009033
1.5382360219955444, -0.3424695134162903
1.5414400100708008, -0.5550286769866943
1.5390080213546753, -0.7257241010665894
1.409348726272583, -0.8375568985939026
1.2251687049865723, -0.8862791657447815
1.0364707708358765, -0.8805596232414246
-1.4671884775161743, 0.3354204297065735
-0.49640294909477234, 0.3885604441165924
-0.32096067070961, 0.1545838713645935
-0.5376319885253906, -0.13904064893722534
-1.4082013368606567, -0.13608087599277496
-1.4487005472183228, -0.10500095039606094
-0.5376319885253906, -0.13904064893722534
-0.32096067070961, 0.1545838713645935
-1.062225055648014E-4, -0.2733200788497925
0.05768338590860367, -0.43037185072898865
-0.09893184900283813, -0.8324472904205322
-0.4655572474002838, -0.8316764831542969
-0.09893184900283813, -0.8324472904205322
0.05768338590860367, -0.43037185072898865
0.7388461828231812, -0.4366215169429779
0.9115737080574036, -0.46899837255477905
1.0364707708358765, -0.8805596232414246
0.9964966177940369, -0.9586535692214966
0.9555343389511108, -1.022301435470581
0.886870801448822, -1.0334689617156982
0.7260174751281738, -1.0339739322662354
0.5747952461242676, -1.033966064453125
0.17127275466918945, -1.0283091068267822
0.03160993382334709, -1.0253316164016724
