-1.5275930166244507, 0.9535111784934998
-1.5251201391220093, 1.016226053237915
1.3555582761764526, 1.0012333393096924
1.4182337522506714, 0.9965813159942627
1.4996713399887085, 0.9882968664169312
1.5419316291809082, 0.2141534835100174
1.5424941778182983, -0.18939606845378876
1.539833903312683, -0.23985464870929718
1.49882173538208, -0.9407560229301453
1.4754539728164673, -0.9942203760147095
1.1150641441345215, -0.9950970411300659
-0.725439190864563, -0.997127115726471
-1.3943859338760376, -0.9932879209518433
-1.588090181350708, -0.9739620685577393
-1.5901302099227905, -0.8821117281913757
-1.5901302099227905, -0.8821117281913757
-1.5275930166244507, 0.9535111784934998
-1.5251201391220093, 1.016226053237915
1.3555582761764526, 1.0012333393096924
1.4182337522506714, 0.9965813159942627
1.4996713399887085, 0.9882968664169312
1.5419316291809082, 0.2141534835100174
1.5424941778182983, -0.18939606845378876
1.539833903312683, -0.23985464870929718
1.49882173538208, -0.9407560229301453
1.4754539728164673, -0.9942203760147095
1.1150641441345215, -0.9950970411300659
-0.725439190864563, -0.997127115726471
-1.3943859338760376, -0.9932879209518433
-1.588090181350708, -0.9739620685577393
