-0.28387361764907837, 0.015672290697693825
-0.1744081825017929, 0.06474623829126358
-0.11732381582260132, 0.07814888656139374
0.36448752880096436, 0.06450586020946503
0.34672072529792786, 0.006444904487580061
0.3048393130302429, -0.07941456884145737
0.26395517587661743, -0.13066677749156952
-0.21290099620819092, -0.13088655471801758
-0.3126569390296936, -0.12934350967407227
-0.4909735321998596, -0.07883448898792267
-0.4909735321998596, -0.07883448898792267
-0.28387361764907837, 0.015672290697693825
-0.1744081825017929, 0.06474623829126358
-0.11732381582260132, 0.07814888656139374
0.36448752880096436, 0.06450586020946503
0.34672072529792786, 0.006444904487580061
0.3048393130302429, -0.07941456884145737
0.26395517587661743, -0.13066677749156952
-0.21290099620819092, -0.13088655471801758
-0.3126569390296936, -0.12934350967407227
