-0.146616593003273, 0.05342285707592964
-0.022097421810030937, 0.05347069725394249
0.03534869849681854, 0.052737798541784286
0.11202617734670639, 0.04964195564389229
0.17606215178966522, 0.004848376847803593
0.1999780684709549, -0.05067886412143707
0.1221078559756279, -0.051583707332611084
-0.13490141928195953, -0.04982026666402817
-0.18124905228614807, -0.02567223086953163
-0.18124905228614807, -0.02567223086953163
-0.146616593003273, 0.05342285707592964
-0.022097421810030937, 0.05347069725394249
0.03534869849681854, 0.052737798541784286
0.11202617734670639, 0.04964195564389229
0.17606215178966522, 0.004848376847803593
0.1999780684709549, -0.05067886412143707
0.1221078559756279, -0.051583707332611084
-0.13490141928195953, -0.04982026666402817
