-1.5871796607971191, 0.3329162001609802
-2.509085178375244, 0.3314990699291229
-3.4052162170410156, 0.3319661021232605
-3.492338180541992, 0.4110777974128723
-3.0186665058135986, 0.4369095265865326
-1.8892894983291626, 0.436688631772995
-1.6586813926696777, 0.4083222448825836
-1.5970731973648071, 0.3964589238166809
-3.492338180541992, 0.4110777974128723
-3.0186665058135986, 0.4369095265865326
-1.8892894983291626, 0.436688631772995
-1.6586813926696777, 0.4083222448825836
-1.5970731973648071, 0.3964589238166809
-1.5871796607971191, 0.3329162001609802
-2.509085178375244, 0.3314990699291229
-3.4052162170410156, 0.3319661021232605
