-0.07693328708410263, 0.15283845365047455
-0.07526141405105591, 0.22367596626281738
-0.004175374750047922, 0.23592422902584076
0.08573099970817566, 0.23816807568073273
0.18254181742668152, 0.2289889007806778
0.14058609306812286, 0.19163459539413452
0.05805343762040138, 0.15303637087345123
0.04950037971138954, 0.1202714592218399
0.06255679577589035, -0.03380454704165459
0.0536290667951107, -0.12119165062904358
0.05328948795795441, -0.1983046978712082
0.059041112661361694, -0.2504733204841614
-0.005437865387648344, -0.2586677372455597
-0.06886720657348633, -0.26382291316986084
-0.07851386070251465, -0.20120321214199066
-0.07448840886354446, -0.13122618198394775
-0.07889345288276672, -0.06504537910223007
-0.07768039405345917, -6.204339442774653E-4
-0.07894821465015411, 0.06746552139520645
-0.07894821465015411, 0.06746552139520645
-0.07693328708410263, 0.15283845365047455
0.04950037971138954, 0.1202714592218399
0.06255679577589035, -0.03380454704165459
0.059041112661361694, -0.2504733204841614
-0.005437865387648344, -0.2586677372455597
-0.06886720657348633, -0.26382291316986084
-0.07851386070251465, -0.20120321214199066
-0.07889345288276672, -0.06504537910223007
-0.07693328708410263, 0.15283845365047455
-0.07526141405105591, 0.22367596626281738
-0.004175374750047922, 0.23592422902584076
0.08573099970817566, 0.23816807568073273
0.18254181742668152, 0.2289889007806778
0.14058609306812286, 0.19163459539413452
0.04950037971138954, 0.1202714592218399
