-0.03402490168809891, 0.127363920211792
0.01615959219634533, 0.12016482651233673
0.13919200003147125, -0.07408882677555084
0.06195715069770813, -0.11351411044597626
-0.02181263267993927, -0.11399421095848083
-0.09566628932952881, -0.10917802900075912
-0.13027119636535645, 0.08641337603330612
-0.13027119636535645, 0.08641337603330612
-0.03402490168809891, 0.127363920211792
0.01615959219634533, 0.12016482651233673
0.13919200003147125, -0.07408882677555084
0.06195715069770813, -0.11351411044597626
-0.02181263267993927, -0.11399421095848083
-0.09566628932952881, -0.10917802900075912
