-0.08984951674938202, 0.19226999580860138
-0.004227910190820694, 0.1970570981502533
0.06092851981520653, 0.1970706582069397
0.15253566205501556, 0.19042503833770752
0.1688825488090515, 0.1172124519944191
0.1670132279396057, 0.019618332386016846
-0.04989124834537506, -0.2983040511608124
-0.12173076719045639, -0.23500342667102814
-0.12204392999410629, -0.15345987677574158
-0.1223376989364624, 0.15304511785507202
-0.1223376989364624, 0.15304511785507202
-0.08984951674938202, 0.19226999580860138
-0.004227910190820694, 0.1970570981502533
0.06092851981520653, 0.1970706582069397
0.15253566205501556, 0.19042503833770752
0.1688825488090515, 0.1172124519944191
0.1670132279396057, 0.019618332386016846
-0.04989124834537506, -0.2983040511608124
-0.12173076719045639, -0.23500342667102814
-0.12204392999410629, -0.15345987677574158
