-0.11201111972332001, 0.22585901618003845
0.11126426607370377, 0.2309698462486267
0.1733330637216568, 0.2233634740114212
0.1003430038690567, -0.27000245451927185
0.005195661913603544, -0.2695358097553253
-0.10868113487958908, -0.26284468173980713
-0.12171471863985062, -0.08575213700532913
-0.12152609974145889, 0.12451211363077164
-0.12171471863985062, -0.08575213700532913
-0.12152609974145889, 0.12451211363077164
-0.11201111972332001, 0.22585901618003845
0.11126426607370377, 0.2309698462486267
0.1733330637216568, 0.2233634740114212
0.1003430038690567, -0.27000245451927185
0.005195661913603544, -0.2695358097553253
-0.10868113487958908, -0.26284468173980713
