-0.8516892194747925, -0.20652902126312256
-0.8379456996917725, -0.06980570405721664
-0.7650310397148132, -0.06351950019598007
-0.6321645975112915, 0.014636201784014702
-0.5671043992042542, 0.03483235090970993
-0.5454455018043518, 0.04722138121724129
-0.530131459236145, 0.05686043202877045
-0.516393780708313, 0.06613902747631073
-0.5071994066238403, 0.07286523282527924
-0.4898749887943268, 0.08666566759347916
-0.48027533292770386, 0.09529326111078262
-0.4628602862358093, 0.11337539553642273
-0.4542257487773895, 0.12404265999794006
-0.4453994929790497, 0.13719618320465088
-0.43156933784484863, 0.23508280515670776
-0.43602871894836426, 0.248602956533432
-0.4413330554962158, 0.2605898082256317
-0.45079922676086426, 0.27808478474617004
-0.4642126262187958, 0.29786184430122375
-0.47459813952445984, 0.31112149357795715
-0.48176977038383484, 0.3194718658924103
-0.5445312261581421, 0.3651106655597687
-0.6077659726142883, 0.4218860864639282
-0.6585039496421814, 0.5053717494010925
-0.646263062953949, 0.5569484233856201
-0.5980822443962097, 0.5844520330429077
-0.6242952346801758, 0.6799234747886658
-0.6454506516456604, 0.7206959128379822
-0.712996244430542, 0.7404899597167969
-0.6586657166481018, 0.7954806089401245
-0.6365908980369568, 0.8554816246032715
-0.6845567226409912, 0.9044098854064941
-0.6994473934173584, 0.9719139337539673
-0.6652131080627441, 1.0265908241271973
-0.6271399259567261, 1.1439036130905151
-0.6096556782722473, 1.2016798257827759
-0.5893041491508484, 1.2475506067276
-0.513758659362793, 1.2405192852020264
-0.42382192611694336, 1.228002667427063
-0.2153264731168747, 1.2080591917037964
-0.15668362379074097, 1.2301419973373413
-0.08949083834886551, 1.2468242645263672
-0.02749253436923027, 1.2404932975769043
0.0635262206196785, 1.2427425384521484
0.1500360518693924, 1.2219747304916382
0.31580445170402527, 1.204133152961731
0.37949609756469727, 1.1470673084259033
0.3493286371231079, 1.0716028213500977
0.37807902693748474, 0.987198531627655
0.352151483297348, 0.9062394499778748
0.37777066230773926, 0.6872108578681946
0.3677089512348175, 0.6055718064308167
0.34836047887802124, 0.48653215169906616
0.35234546661376953, 0.40186846256256104
0.3579953908920288, 0.3426945209503174
0.36851513385772705, 0.27464914321899414
0.3417679965496063, 0.19744835793972015
0.30116206407546997, 0.13766497373580933
0.2859744429588318, 0.11530449241399765
0.3415544033050537, 0.05269201844930649
0.3537723422050476, -0.040582701563835144
0.35231250524520874, -0.09628237783908844
0.3517552614212036, -0.14981868863105774
0.35373565554618835, -0.18705762922763824
0.36668628454208374, -0.2556290626525879
0.3503200113773346, -0.38376447558403015
0.397177517414093, -0.4665507674217224
0.46839916706085205, -0.5212708115577698
0.5759058594703674, -0.5360114574432373
0.6579679846763611, -0.5013521909713745
0.736589789390564, -0.505769670009613
0.7973471879959106, -0.5018218755722046
0.8778679966926575, -0.5216728448867798
0.8754839301109314, -0.6255069375038147
0.8709156513214111, -0.6860212683677673
0.8735397458076477, -0.7969304919242859
0.8736136555671692, -0.8872266411781311
0.8805902004241943, -0.9720701575279236
0.7686982750892639, -0.9973005652427673
0.6426613330841064, -0.9892172813415527
0.5700967907905579, -0.9784379601478577
0.3503192663192749, -0.9563843011856079
0.25041845440864563, -0.9472115635871887
0.11057395488023758, -0.9288867712020874
0.051351506263017654, -0.9250801801681519
-0.0042464216239750385, -0.9186144471168518
-0.06625115871429443, -0.9154766798019409
-0.1235114336013794, -0.9089154005050659
-0.24533693492412567, -0.8974649310112
-0.3025220036506653, -0.8896529674530029
-0.36648473143577576, -0.8830065131187439
-0.4375331699848175, -0.8774935603141785
-0.504755437374115, -0.8703601956367493
-0.5860108733177185, -0.8176191449165344
-0.6292840242385864, -0.7497501969337463
-0.6836057901382446, -0.7075653672218323
-0.6631031632423401, -0.6259450316429138
-0.587864100933075, -0.5615288019180298
-0.6104139089584351, -0.48235365748405457
-0.6217113137245178, -0.42501938343048096
-0.6689853668212891, -0.3680868446826935
-0.7155846953392029, -0.33793506026268005
-0.6723815202713013, -0.26651203632354736
-0.7078399658203125, -0.15159058570861816
-0.8056769967079163, -0.15921564400196075
-0.712996244430542, 0.7404899597167969
-0.6994473934173584, 0.9719139337539673
-0.6096556782722473, 1.2016798257827759
-0.5893041491508484, 1.2475506067276
-0.08949083834886551, 1.2468242645263672
0.0635262206196785, 1.2427425384521484
0.31580445170402527, 1.204133152961731
0.37949609756469727, 1.1470673084259033
0.37777066230773926, 0.6872108578681946
0.36851513385772705, 0.27464914321899414
0.3417679965496063, 0.19744835793972015
0.30116206407546997, 0.13766497373580933
-0.43156933784484863, 0.23508280515670776
-0.6077659726142883, 0.4218860864639282
-0.6585039496421814, 0.5053717494010925
-0.11030088365077972, -0.9104291796684265
0.397177517414093, -0.4665507674217224
0.7973471879959106, -0.5018218755722046
0.8778679966926575, -0.5216728448867798
0.8805902004241943, -0.9720701575279236
0.7686982750892639, -0.9973005652427673
0.6426613330841064, -0.9892172813415527
-0.06625115871429443, -0.9154766798019409
-0.8516892194747925, -0.20652902126312256
-0.8379456996917725, -0.06980570405721664
-0.43156933784484863, 0.23508280515670776
0.19605226814746857, 0.15163949131965637
-0.7155846953392029, -0.33793506026268005
-0.7078399658203125, -0.15159058570861816
0.19605226814746857, 0.15163949131965637
0.30116206407546997, 0.13766497373580933
0.3415544033050537, 0.05269201844930649
0.3537723422050476, -0.040582701563835144
0.397177517414093, -0.4665507674217224
0.3847990036010742, -0.4773779511451721
-0.587864100933075, -0.5615288019180298
-0.6836057901382446, -0.7075653672218323
-0.6631031632423401, -0.6259450316429138
-0.587864100933075, -0.5615288019180298
0.3847990036010742, -0.4773779511451721
-0.11030088365077972, -0.9104291796684265
-0.24533693492412567, -0.8974649310112
-0.4375331699848175, -0.8774935603141785
-0.504755437374115, -0.8703601956367493
-0.5860108733177185, -0.8176191449165344
