-1.2261011600494385, 0.6599968075752258
-1.1702015399932861, 0.7428994178771973
-1.1022446155548096, 0.7231456637382507
-1.0443871021270752, 0.7111952304840088
-0.97468501329422, 0.686363935470581
-0.9655726552009583, 0.5810549259185791
-0.9524462819099426, 0.5033878087997437
-0.9545233845710754, 0.426705926656723
-0.9690564274787903, 0.332256019115448
-0.965438187122345, 0.3128703832626343
-0.9123252034187317, 0.24545329809188843
-0.8171866536140442, 0.2432231605052948
-0.7268479466438293, 0.22473008930683136
-0.5984718799591064, 0.2103857398033142
-0.5262511372566223, 0.20430846512317657
-0.4487641453742981, 0.1889277696609497
-0.34528669714927673, 0.18461906909942627
-0.2752755284309387, 0.16990037262439728
-0.1812012791633606, 0.1678750067949295
-0.09333544969558716, 0.14918839931488037
-0.03201129287481308, 0.15092971920967102
0.019130459055304527, 0.14740422368049622
0.38594406843185425, 0.14635898172855377
0.4349621832370758, 0.1512162834405899
0.511685311794281, 0.2107486128807068
0.5139214396476746, 0.29402804374694824
0.5141094923019409, 0.3486391603946686
0.5131518244743347, 0.4045164883136749
0.5360514521598816, 0.6464622616767883
0.5883224606513977, 0.650273859500885
0.641424834728241, 0.6510698795318604
0.7308937907218933, 0.6427326202392578
0.8296276926994324, 0.6289215087890625
0.828349769115448, 0.5300296545028687
0.8286792635917664, 0.31465262174606323
0.8317229151725769, 0.2400088608264923
0.8257805705070496, 0.14932121336460114
0.8247067332267761, 0.06966608762741089
0.8306567072868347, -0.0076284087263047695
0.8285180926322937, -0.15147307515144348
0.8325425982475281, -0.20967745780944824
0.8284589648246765, -0.2704000771045685
0.8273283839225769, -0.32319796085357666
0.7694632411003113, -0.3475072383880615
0.6727520823478699, -0.3624609112739563
0.600470244884491, -0.3745054602622986
0.4998556971549988, -0.39134660363197327
0.4367472529411316, -0.4006369113922119
0.27109116315841675, -0.3836175203323364
0.20081491768360138, -0.3395950496196747
0.08285219967365265, -0.348545104265213
-0.007471098098903894, -0.3485910892486572
-0.08777550607919693, -0.34670644998550415
-0.1183105856180191, -0.3435245454311371
-0.13965633511543274, -0.34130021929740906
-0.2764638066291809, -0.34792131185531616
-0.35758715867996216, -0.35991090536117554
-0.43240001797676086, -0.36418500542640686
-0.4848683476448059, -0.3737638294696808
-0.5700448155403137, -0.3810446560382843
-0.7380592226982117, -0.3866203725337982
-0.81111079454422, -0.343622088432312
-0.8589690327644348, -0.3430756628513336
-0.9184287190437317, -0.34897732734680176
-1.0233577489852905, -0.34868958592414856
-1.2185022830963135, -0.3365832269191742
0.511685311794281, 0.2107486128807068
0.5131518244743347, 0.4045164883136749
0.5360514521598816, 0.6464622616767883
0.5883224606513977, 0.650273859500885
0.641424834728241, 0.6510698795318604
0.7308937907218933, 0.6427326202392578
0.8296276926994324, 0.6289215087890625
0.8317229151725769, 0.2400088608264923
0.8314571380615234, -0.193978413939476
-0.1183105856180191, -0.3435245454311371
-0.09333544969558716, 0.14918839931488037
0.511685311794281, 0.2107486128807068
0.8314571380615234, -0.193978413939476
0.8325425982475281, -0.20967745780944824
0.8273283839225769, -0.32319796085357666
0.7694632411003113, -0.3475072383880615
0.4998556971549988, -0.39134660363197327
0.4367472529411316, -0.4006369113922119
0.27109116315841675, -0.3836175203323364
-0.08777550607919693, -0.34670644998550415
-1.219102382659912, -0.2578793466091156
-0.9123252034187317, 0.24545329809188843
-0.8171866536140442, 0.2432231605052948
-0.1812012791633606, 0.1678750067949295
-0.09333544969558716, 0.14918839931488037
-0.1183105856180191, -0.3435245454311371
-0.5700448155403137, -0.3810446560382843
-0.7380592226982117, -0.3866203725337982
-1.2185022830963135, -0.3365832269191742
-1.2261011600494385, 0.6599968075752258
-1.1702015399932861, 0.7428994178771973
-1.0443871021270752, 0.7111952304840088
-0.97468501329422, 0.686363935470581
-0.9123252034187317, 0.24545329809188843
-1.219102382659912, -0.2578793466091156
