-1.925342082977295, -0.7366103529930115
-1.8485922813415527, -0.6766213178634644
-1.8438706398010254, -0.6436230540275574
-1.8484435081481934, -0.5756341218948364
-1.8428140878677368, -0.4032687842845917
-1.8488699197769165, -0.3183567523956299
-1.837206482887268, -0.2391526848077774
-1.764914870262146, -0.23904819786548615
-1.6427817344665527, -0.2533371150493622
-1.5997061729431152, -0.25417906045913696
-1.5421390533447266, -0.2363637238740921
-1.4614739418029785, -0.2357059270143509
-1.3893437385559082, -0.25342828035354614
-1.373476505279541, -0.33423808217048645
-1.3825994729995728, -0.4238034784793854
-1.3626114130020142, -0.4703208804130554
-1.3579736948013306, -0.52423095703125
-1.372612476348877, -0.6421645879745483
-1.3772579431533813, -0.6996333003044128
-1.30013906955719, -0.7386165261268616
-1.2640833854675293, -0.7528396248817444
-1.2095513343811035, -0.7551044225692749
-1.1593546867370605, -0.7551337480545044
-1.0810856819152832, -0.7604354619979858
-0.9008982181549072, -0.737935483455658
-0.8432484269142151, -0.6954197883605957
-0.8410364389419556, -0.6571420431137085
-0.8413048982620239, -0.604523241519928
-0.8449326157569885, -0.5600978136062622
-0.8496700525283813, -0.5043808817863464
-0.8513723611831665, -0.41961073875427246
-0.8497033715248108, -0.3258274793624878
-0.8422455787658691, -0.2483280450105667
-0.7033442854881287, -0.23601405322551727
-0.6393224000930786, -0.23890244960784912
-0.5899768471717834, -0.24063873291015625
-0.4800149202346802, -0.23827600479125977
-0.4250379800796509, -0.23608413338661194
-0.34919217228889465, -0.1911095231771469
-0.34492263197898865, -0.1599329710006714
-0.34356120228767395, -0.13523700833320618
-0.3435817062854767, -0.11285550892353058
-0.3438110649585724, 0.0209908839315176
-0.3453551232814789, 0.08541835844516754
-0.3478426933288574, 0.1451161503791809
-0.3443237543106079, 0.2244625836610794
-0.35027745366096497, 0.37537699937820435
-0.3480549156665802, 0.4588487446308136
-0.3484335243701935, 0.5497305989265442
-0.34706786274909973, 0.6423436403274536
-0.35134896636009216, 0.6952755451202393
-0.3478894531726837, 0.8186743855476379
-0.3442460000514984, 1.0585250854492188
-0.3498716652393341, 1.127824068069458
-0.34882885217666626, 1.219882607460022
-0.34267619252204895, 1.305768370628357
-0.344792902469635, 1.4040254354476929
-0.33841997385025024, 1.5104689598083496
-0.24366432428359985, 1.5112169981002808
-0.14184194803237915, 1.5054724216461182
-0.0011220603482797742, 1.5071213245391846
0.07689040154218674, 1.5012048482894897
0.22069206833839417, 1.511348843574524
0.3386463224887848, 1.503804326057434
0.4160413444042206, 1.4999858140945435
0.5275101065635681, 1.480233073234558
0.5853490233421326, 1.4877164363861084
0.7177715301513672, 1.5135201215744019
0.7775282859802246, 1.4815869331359863
0.7799459099769592, 1.3853572607040405
0.7778411507606506, 1.3047761917114258
0.758419394493103, 1.2100071907043457
0.7547920346260071, 1.1115787029266357
0.7403437495231628, 1.045127034187317
0.7350026965141296, 0.9071531891822815
0.7215610146522522, 0.8408438563346863
0.7199468612670898, 0.7803471088409424
0.7197237610816956, 0.7005826234817505
0.6980365514755249, 0.6077290773391724
0.6771561503410339, 0.4461153447628021
0.6754475831985474, 0.3264942765235901
0.6590285301208496, 0.2428266406059265
0.6561278700828552, 0.12458378076553345
0.6440319418907166, 0.04309980571269989
0.6350869536399841, -0.08233918994665146
0.6254977583885193, -0.156246617436409
0.6074308753013611, -0.31931445002555847
0.6026896834373474, -0.3960837423801422
0.6015928983688354, -0.45602402091026306
0.5829066634178162, -0.539304792881012
0.5801452994346619, -0.5755320191383362
0.5761131644248962, -0.655062735080719
0.5612563490867615, -0.7350818514823914
0.5607990026473999, -0.851734459400177
0.5406383872032166, -0.9193665385246277
0.5386623740196228, -1.0360966920852661
0.517204225063324, -1.1040946245193481
0.5196546912193298, -1.1625405550003052
0.5154656767845154, -1.261053442955017
0.49778884649276733, -1.3343498706817627
0.4787692427635193, -1.4743634462356567
0.4083518385887146, -1.4810258150100708
0.35809987783432007, -1.4772143363952637
0.2983821928501129, -1.4771846532821655
0.2268328070640564, -1.4855073690414429
0.05992310121655464, -1.4716110229492188
-0.025751179084181786, -1.4621368646621704
-0.10642053931951523, -1.4858559370040894
-0.18250083923339844, -1.4789371490478516
-0.24611756205558777, -1.4712282419204712
-0.3226461410522461, -1.462748408317566
-0.34731489419937134, -1.3035911321640015
-0.3495512902736664, -1.2475924491882324
-0.3444967567920685, -1.1964038610458374
-0.34288647770881653, -1.1521356105804443
-0.35183486342430115, -1.0850750207901
-0.34539514780044556, -1.017812728881836
-0.3439413011074066, -0.8364802002906799
-0.34981784224510193, -0.793082058429718
-0.4262423813343048, -0.730603039264679
-0.4792676866054535, -0.7307933568954468
-0.5658913254737854, -0.728586733341217
-0.7333984971046448, -0.7206555604934692
-0.7530980706214905, -0.7215708494186401
-0.8023176193237305, -0.7348179221153259
-0.8563889861106873, -0.7966555953025818
-0.864115297794342, -0.8189782500267029
-0.8820710778236389, -0.8944298624992371
-0.9861207008361816, -0.8878768086433411
-1.0791363716125488, -0.8736796975135803
-1.262332558631897, -0.8538488745689392
-1.3368526697158813, -0.8483725786209106
-1.3414416313171387, -0.791938304901123
-1.3877663612365723, -0.7322127819061279
-1.4035192728042603, -0.728496253490448
-1.4387383460998535, -0.721745491027832
-1.45712149143219, -0.719106912612915
-1.4837641716003418, -0.719933032989502
-1.533515453338623, -0.7332677245140076
-1.5978102684020996, -0.7159583568572998
-1.6903166770935059, -0.718532145023346
-1.7154343128204346, -0.7253454327583313
-1.7494455575942993, -0.7345711588859558
-1.8012548685073853, -0.7297353744506836
-1.8982434272766113, -0.792869508266449
-1.955066204071045, -0.789186954498291
-2.035012722015381, -0.7797367572784424
-0.35134896636009216, 0.6952755451202393
-0.3498716652393341, 1.127824068069458
-0.34882885217666626, 1.219882607460022
-0.344792902469635, 1.4040254354476929
-0.33841997385025024, 1.5104689598083496
-0.24366432428359985, 1.5112169981002808
0.7177715301513672, 1.5135201215744019
0.7775282859802246, 1.4815869331359863
0.7799459099769592, 1.3853572607040405
0.7778411507606506, 1.3047761917114258
0.7197237610816956, 0.7005826234817505
0.6015928983688354, -0.45602402091026306
0.5607990026473999, -0.851734459400177
0.5400710105895996, -0.9528831839561462
-0.34919217228889465, -0.1911095231771469
-0.9008982181549072, -0.737935483455658
-0.8411919474601746, -0.6266547441482544
-0.8023176193237305, -0.7348179221153259
-0.8801239728927612, -0.8905330896377563
-1.4528627395629883, -0.8106729388237
-1.3772579431533813, -0.6996333003044128
-0.9008982181549072, -0.737935483455658
-0.8801239728927612, -0.8905330896377563
-0.8820710778236389, -0.8944298624992371
-0.9861207008361816, -0.8878768086433411
-1.3368526697158813, -0.8483725786209106
-1.8488699197769165, -0.3183567523956299
-1.837206482887268, -0.2391526848077774
-1.5421390533447266, -0.2363637238740921
-1.4614739418029785, -0.2357059270143509
-1.3893437385559082, -0.25342828035354614
-1.373476505279541, -0.33423808217048645
-1.3579736948013306, -0.52423095703125
-1.3772579431533813, -0.6996333003044128
-1.4528627395629883, -0.8106729388237
-1.7154343128204346, -0.7253454327583313
-1.8485922813415527, -0.6766213178634644
-0.8513723611831665, -0.41961073875427246
-0.8497033715248108, -0.3258274793624878
-0.8422455787658691, -0.2483280450105667
-0.34919217228889465, -0.1911095231771469
-0.20981769263744354, -0.3105025291442871
-0.4262423813343048, -0.730603039264679
-0.8023176193237305, -0.7348179221153259
-0.8411919474601746, -0.6266547441482544
-0.8496700525283813, -0.5043808817863464
-0.4262423813343048, -0.730603039264679
-0.20981769263744354, -0.3105025291442871
0.5400710105895996, -0.9528831839561462
0.5386623740196228, -1.0360966920852661
0.5154656767845154, -1.261053442955017
0.4787692427635193, -1.4743634462356567
0.4083518385887146, -1.4810258150100708
0.2268328070640564, -1.4855073690414429
-0.10642053931951523, -1.4858559370040894
-0.18250083923339844, -1.4789371490478516
-0.3226461410522461, -1.462748408317566
-0.34731489419937134, -1.3035911321640015
-2.035012722015381, -0.7797367572784424
-1.8485922813415527, -0.6766213178634644
-1.7154343128204346, -0.7253454327583313
-1.8982434272766113, -0.792869508266449
-1.955066204071045, -0.789186954498291
