-0.05446568503975868, 0.17438958585262299
-0.05029942840337753, 0.3742307126522064
0.010125693865120411, 0.33521997928619385
0.05502469465136528, 0.28393036127090454
0.061281658709049225, -0.07542876154184341
0.0576496347784996, -0.27854979038238525
0.046735458076000214, -0.34411224722862244
-0.04427653178572655, -0.3396756052970886
-0.05380900949239731, -0.17654301226139069
-0.05427092686295509, -0.03335130959749222
-0.05446568503975868, 0.17438958585262299
-0.05029942840337753, 0.3742307126522064
0.010125693865120411, 0.33521997928619385
0.05502469465136528, 0.28393036127090454
0.061281658709049225, -0.07542876154184341
0.0576496347784996, -0.27854979038238525
0.046735458076000214, -0.34411224722862244
-0.04427653178572655, -0.3396756052970886
-0.05380900949239731, -0.17654301226139069
-0.05427092686295509, -0.03335130959749222
