-0.240000918507576, 0.2285587340593338
-0.15873607993125916, 0.24165445566177368
-0.00359263364225626, 0.24358750879764557
0.07730870693922043, 0.24434451758861542
0.17321419715881348, 0.22380247712135315
0.2258962094783783, 0.18802694976329803
0.24093297123908997, 0.10273776203393936
0.24610760807991028, -0.20106324553489685
0.1849985122680664, -0.25133177638053894
0.12544657289981842, -0.2534126043319702
-0.0419146902859211, -0.25383949279785156
-0.1196364089846611, -0.2489853799343109
-0.17982085049152374, -0.24137677252292633
-0.252226859331131, -0.2227802723646164
-0.24556304514408112, 0.1276111900806427
-0.252226859331131, -0.2227802723646164
-0.24556304514408112, 0.1276111900806427
-0.240000918507576, 0.2285587340593338
-0.15873607993125916, 0.24165445566177368
-0.00359263364225626, 0.24358750879764557
0.07730870693922043, 0.24434451758861542
0.17321419715881348, 0.22380247712135315
0.2258962094783783, 0.18802694976329803
0.24093297123908997, 0.10273776203393936
0.24610760807991028, -0.20106324553489685
0.1849985122680664, -0.25133177638053894
0.12544657289981842, -0.2534126043319702
-0.0419146902859211, -0.25383949279785156
-0.1196364089846611, -0.2489853799343109
-0.17982085049152374, -0.24137677252292633
