-0.12898249924182892, 0.8571579456329346
-0.12852421402931213, 1.0356851816177368
0.0013922440120950341, 1.0530438423156738
0.09357920289039612, 1.056308388710022
-0.021966861560940742, 1.0001879930496216
-0.02703116275370121, 0.9802327156066895
-0.03491372615098953, 0.8672806620597839
-0.033248208463191986, 0.8131760358810425
-0.028168607503175735, 0.7619739770889282
-0.02600029483437538, 0.7086172103881836
-0.028603030368685722, 0.632358729839325
-0.02739136852324009, 0.5758775472640991
-0.0282859168946743, 0.5195817947387695
-0.02758815512061119, 0.4878925681114197
0.021875275298953056, 0.4064222574234009
0.04287515580654144, 0.4039483070373535
0.17136119306087494, 0.40226489305496216
0.16862007975578308, 0.3293207883834839
0.17099229991436005, 0.26473915576934814
0.17071624100208282, 0.20916368067264557
0.1704094558954239, 0.12596142292022705
0.1682559847831726, 0.045098960399627686
0.17001289129257202, -0.03696305677294731
0.17258815467357635, -0.13490356504917145
0.16460390388965607, -0.1921611726284027
0.16843420267105103, -0.24724437296390533
0.16320957243442535, -0.3370947539806366
0.17128492891788483, -0.42288416624069214
0.16833996772766113, -0.48853030800819397
0.17140887677669525, -0.5535814762115479
0.16663360595703125, -0.6320682764053345
0.17079561948776245, -0.6881025433540344
0.09873058646917343, -0.6906263828277588
0.025210101157426834, -0.6940962076187134
-0.07031255215406418, -0.6921253800392151
-0.12066634744405746, -0.6880650520324707
-0.1287662237882614, -0.5899327397346497
-0.1294589787721634, -0.4712441563606262
-0.12623783946037292, -0.39422544836997986
-0.12704654037952423, -0.3101891577243805
-0.12294675409793854, -0.23736852407455444
-0.12456337362527847, -0.15321201086044312
-0.12048804014921188, -0.05350099503993988
-0.12502625584602356, 0.10195595771074295
-0.12928156554698944, 0.18202511966228485
-0.12746746838092804, 0.257146418094635
-0.12326134741306305, 0.3222687244415283
-0.1287832409143448, 0.3723622262477875
-0.1263362169265747, 0.47614896297454834
-0.1262572854757309, 0.4794968068599701
-0.12553028762340546, 0.5696583390235901
-0.12093590945005417, 0.6557156443595886
-0.12490429729223251, 0.7079511880874634
-0.12894442677497864, 0.7896451354026794
-0.1294589787721634, -0.4712441563606262
-0.12928156554698944, 0.18202511966228485
-0.1287832409143448, 0.3723622262477875
-0.1263362169265747, 0.47614896297454834
-0.02758815512061119, 0.4878925681114197
0.17136119306087494, 0.40226489305496216
0.17258815467357635, -0.13490356504917145
0.17140887677669525, -0.5535814762115479
0.17079561948776245, -0.6881025433540344
0.025210101157426834, -0.6940962076187134
-0.07031255215406418, -0.6921253800392151
-0.12066634744405746, -0.6880650520324707
-0.1287662237882614, -0.5899327397346497
-0.12898249924182892, 0.8571579456329346
-0.1286109834909439, 1.0018861293792725
-0.02703116275370121, 0.9802327156066895
-0.02600029483437538, 0.7086172103881836
-0.02758815512061119, 0.4878925681114197
-0.1263362169265747, 0.47614896297454834
-0.12894442677497864, 0.7896451354026794
-0.1286109834909439, 1.0018861293792725
-0.12852421402931213, 1.0356851816177368
0.0013922440120950341, 1.0530438423156738
0.09357920289039612, 1.056308388710022
-0.02703116275370121, 0.9802327156066895
