-0.22167809307575226, 0.04666128009557724
-0.2028593271970749, 0.10677249729633331
0.0374753475189209, 0.10627621412277222
0.21663358807563782, 0.08645475655794144
0.25494977831840515, 0.02773098275065422
0.20088213682174683, -0.07130325585603714
0.1186811551451683, -0.12803204357624054
-0.08168961107730865, -0.1234816238284111
-0.16340665519237518, -0.11019397526979446
-0.24023203551769257, -0.0699668601155281
-0.24023203551769257, -0.0699668601155281
-0.22167809307575226, 0.04666128009557724
-0.2028593271970749, 0.10677249729633331
0.0374753475189209, 0.10627621412277222
0.21663358807563782, 0.08645475655794144
0.25494977831840515, 0.02773098275065422
0.20088213682174683, -0.07130325585603714
0.1186811551451683, -0.12803204357624054
-0.08168961107730865, -0.1234816238284111
-0.16340665519237518, -0.11019397526979446
