-0.5034616589546204, 0.1656094193458557
-0.44564712047576904, 0.16108128428459167
-0.1441744863986969, 0.13043569028377533
0.39805519580841064, 0.07455794513225555
0.464362233877182, 0.025173909962177277
0.42305484414100647, -0.15180572867393494
0.33966928720474243, -0.17191272974014282
0.12491516768932343, -0.16765493154525757
-0.48257914185523987, -0.106284499168396
-0.548583447933197, 0.10524901002645493
-0.548583447933197, 0.10524901002645493
-0.5034616589546204, 0.1656094193458557
-0.44564712047576904, 0.16108128428459167
-0.1441744863986969, 0.13043569028377533
0.39805519580841064, 0.07455794513225555
0.464362233877182, 0.025173909962177277
0.42305484414100647, -0.15180572867393494
0.33966928720474243, -0.17191272974014282
0.12491516768932343, -0.16765493154525757
-0.48257914185523987, -0.106284499168396
